10000 1000
655 539
308 670
890 764
454 699
19 351
390 95
709 35
652 422
476 236
182 395
331 446
153 559
200 53
627 380
557 487
239 721
667 475
827 23
73 105
825 252
136 944
788 176
102 315
196 982
762 785
700 336
215 624
230 682
298 800
340 687
691 77
481 817
553 880
861 239
127 687
374 631
251 320
192 335
462 478
477 867
840 49
719 839
467 148
498 132
693 378
329 926
939 741
137 245
114 902
577 924
861 63
955 405
917 782
897 872
797 88
298 925
670 168
850 977
105 857
762 609
635 675
688 135
399 728
733 809
279 837
567 905
932 968
79 24
94 280
939 687
145 879
675 304
6 142
633 461
152 310
185 288
865 965
581 958
474 846
978 405
502 186
864 451
427 608
952 653
448 19
164 686
852 167
298 829
587 792
888 652
631 177
233 325
459 398
4 655
21 667
31 246
439 468
26 876
352 442
201 882
224 985
147 304
645 310
160 473
80 526
645 615
408 621
868 799
782 476
50 160
282 387
629 400
928 71
320 526
8 821
684 219
847 606
97 575
208 625
610 412
648 594
893 94
522 728
456 254
755 958
531 688
974 240
954 187
391 91
995 289
403 833
95 638
389 192
950 459
389 545
441 655
805 624
817 736
437 43
291 412
329 102
720 899
314 321
780 475
191 348
495 459
147 295
144 793
486 168
51 795
595 414
233 218
400 396
967 965
329 919
549 469
445 821
653 902
35 329
759 749
703 540
392 834
816 187
672 972
142 547
69 190
877 572
976 760
923 105
468 542
488 287
228 38
122 294
852 969
515 826
57 472
925 166
673 155
975 295
781 52
789 84
267 928
281 771
185 229
685 727
797 285
143 133
263 444
270 232
354 795
836 534
433 198
805 556
120 882
865 191
399 887
698 518
429 490
760 743
262 351
51 905
470 281
210 243
600 470
643 909
834 715
972 958
393 657
71 899
803 82
784 97
748 745
783 795
831 55
641 339
593 12
227 187
41 824
497 388
901 588
201 436
227 586
417 953
232 797
292 36
751 86
420 869
37 167
864 805
248 883
820 583
946 406
281 990
264 615
414 643
856 971
687 428
221 163
695 305
287 164
255 825
309 684
621 774
783 547
369 670
40 19
886 644
581 753
528 525
835 851
573 611
761 916
734 73
386 514
466 121
669 275
321 58
82 436
25 21
95 526
868 420
986 603
327 873
555 224
965 583
467 771
426 678
919 312
974 37
986 344
375 573
90 652
836 359
808 842
418 676
512 137
448 825
114 320
904 982
858 0
28 742
427 130
718 600
619 961
717 918
116 240
472 341
908 126
548 522
945 628
88 600
449 261
683 840
753 688
82 106
334 443
948 805
159 179
681 292
476 566
236 14
732 666
837 270
78 420
215 416
803 367
757 155
596 773
598 996
193 730
890 673
973 194
859 412
808 472
131 716
745 168
120 873
953 919
997 87
722 696
44 195
0 791
805 688
774 198
457 27
186 55
668 881
262 523
574 129
926 203
11 331
780 302
925 709
599 911
839 166
863 420
233 874
859 639
23 927
479 784
479 357
734 500
549 137
466 257
74 296
475 920
39 270
522 289
91 485
272 807
396 376
804 550
530 388
719 762
56 372
872 986
495 862
167 349
691 613
651 436
955 363
624 945
954 986
444 172
674 626
85 178
399 309
512 584
573 189
51 586
733 623
971 307
352 87
288 621
518 543
781 237
735 902
636 332
418 934
674 907
946 645
991 239
233 671
529 828
17 507
135 756
480 572
871 845
139 123
745 736
585 959
141 881
688 330
825 977
878 29
167 81
12 536
452 204
5 851
529 470
151 778
232 596
788 47
656 625
742 366
158 544
279 215
250 651
345 994
708 107
848 24
708 518
764 959
984 367
872 934
526 639
311 586
862 648
485 168
837 581
196 564
573 36
373 236
221 755
693 449
824 591
474 293
962 219
689 64
421 296
928 744
424 865
646 133
5 355
641 982
40 848
84 118
142 214
236 9
120 972
850 483
333 700
564 377
199 748
16 675
302 579
393 677
517 416
47 563
870 846
507 377
65 95
581 870
492 335
563 398
150 619
111 272
871 854
440 230
703 250
603 503
977 762
332 151
108 88
327 149
284 653
976 163
89 623
537 751
406 362
418 856
135 427
724 431
425 149
264 360
574 11
181 215
284 992
90 740
628 730
821 2
67 708
960 57
620 516
738 557
599 731
114 705
790 704
618 974
820 580
885 885
686 61
247 575
327 989
825 964
427 560
390 274
680 783
72 505
296 842
765 410
303 435
669 533
988 188
600 27
548 650
773 198
399 750
975 431
869 251
99 79
29 464
447 563
725 749
971 228
56 346
215 354
613 261
991 927
41 334
495 372
654 752
89 283
539 349
804 806
762 922
505 888
400 21
424 749
252 915
416 186
499 626
288 990
114 912
920 834
547 536
905 954
274 999
614 893
285 672
318 765
801 668
393 388
932 260
949 329
536 618
44 402
319 952
216 30
937 59
365 621
556 389
761 78
528 336
115 3
91 859
507 473
605 218
781 952
938 330
2 686
32 110
844 193
32 70
25 119
603 858
655 415
680 546
530 73
582 414
647 573
11 51
203 445
425 232
704 740
395 683
168 179
762 484
709 435
170 289
575 764
703 606
575 584
895 197
633 435
281 874
631 575
910 824
671 873
525 696
155 612
399 404
927 950
177 711
926 807
66 179
619 734
682 162
217 514
222 25
972 38
58 192
742 440
401 207
454 862
138 815
840 17
295 900
138 232
623 746
687 737
722 534
691 778
993 416
507 294
55 782
332 75
826 880
382 569
460 653
760 821
558 284
50 790
6 57
943 224
290 361
792 686
716 559
151 534
4 569
845 727
746 935
21 289
201 926
593 713
424 789
179 161
782 247
241 77
872 467
628 325
214 624
960 417
318 89
224 667
205 670
304 634
861 596
754 435
440 219
448 271
356 435
376 148
126 26
29 373
281 47
949 425
33 602
585 889
935 650
945 30
960 849
968 853
217 787
660 83
378 720
745 863
856 628
616 885
736 878
716 172
213 710
634 561
64 953
122 914
680 869
64 619
316 730
460 33
636 522
66 519
837 200
122 540
968 990
14 517
740 94
62 245
304 899
417 481
659 736
126 814
197 463
335 61
646 146
27 410
106 503
957 834
756 615
600 99
176 155
242 970
225 646
611 101
266 624
861 809
254 161
387 532
654 968
290 57
579 840
564 388
610 64
266 622
770 709
567 984
758 881
532 707
67 249
803 667
978 160
854 13
103 904
915 241
520 96
743 843
201 442
585 374
37 817
565 207
239 209
307 593
232 522
180 499
760 748
288 669
245 762
450 576
285 571
577 982
863 187
718 816
614 665
77 43
435 877
988 859
683 8
91 454
219 935
381 627
972 293
665 223
567 968
336 160
153 935
9 117
786 820
446 373
907 46
40 504
464 11
151 394
3 583
836 86
906 203
857 648
457 302
794 541
63 993
859 586
551 621
590 867
517 60
192 872
795 473
620 23
897 34
617 790
487 257
832 823
707 573
411 669
807 154
231 886
850 600
668 712
858 700
271 387
303 926
385 800
498 455
341 244
503 877
677 1
507 317
981 616
227 492
889 305
342 982
263 747
408 866
93 606
322 322
112 113
788 424
684 131
8 428
253 474
367 248
588 759
26 417
291 879
293 466
601 241
921 723
401 201
847 906
38 702
158 331
434 153
811 851
624 326
128 728
628 352
42 525
640 973
964 708
443 755
686 199
925 566
315 620
951 698
564 402
58 284
575 781
460 325
843 741
236 253
217 883
798 504
397 485
517 759
549 739
303 179
879 173
35 279
211 51
665 432
31 988
449 233
587 792
931 887
911 126
161 723
212 58
567 204
384 552
532 550
517 680
727 970
348 814
29 772
580 836
592 629
908 995
405 697
920 66
452 186
185 317
546 822
285 403
156 994
634 250
822 781
233 321
201 950
98 192
996 810
201 920
529 140
327 737
686 157
557 670
594 572
410 383
190 811
108 183
600 696
218 738
733 806
447 2
682 990
220 274
274 572
917 813
291 171
346 430
834 673
417 228
809 341
621 998
153 134
930 909
816 964
795 567
181 307
253 792
274 653
992 796
775 807
547 959
182 117
597 267
735 707
233 463
254 860
361 60
623 585
213 211
364 195
497 896
824 381
814 598
72 475
290 420
957 235
297 304
825 388
772 545
282 403
728 905
843 800
854 373
571 308
711 265
327 628
202 261
515 495
183 141
246 351
161 359
720 644
686 30
383 341
41 547
484 975
267 608
438 280
688 18
994 695
219 285
671 745
591 662
347 347
354 797
490 758
666 180
234 952
533 330
739 541
679 57
411 597
195 786
396 111
109 721
624 153
635 853
570 893
774 138
994 826
653 612
114 416
354 369
23 648
168 476
955 886
204 65
284 882
125 364
41 709
807 730
449 545
614 546
484 738
243 852
712 463
728 385
621 905
219 744
688 942
113 993
507 154
489 518
650 907
809 138
453 921
575 399
232 528
23 627
425 379
150 979
669 766
677 666
444 384
646 815
225 309
390 427
662 466
856 352
66 866
11 977
865 490
458 211
161 329
254 574
630 507
436 626
896 826
132 73
794 798
66 490
952 258
417 480
235 854
515 50
881 473
868 765
560 240
415 309
262 63
697 827
264 721
167 812
927 710
285 199
855 603
616 966
731 486
110 967
447 501
23 926
251 775
421 376
108 695
982 274
51 147
450 516
612 558
781 80
969 23
761 623
191 739
772 221
242 653
879 481
132 171
151 618
479 791
45 973
625 419
66 149
745 263
710 835
465 109
942 347
383 713
602 691
263 343
813 34
857 318
852 638
959 837
338 399
377 536
264 630
618 37
912 491
408 778
195 435
372 319
878 286
441 200
972 785
924 612
865 551
912 270
578 97
780 985
370 543
911 359
444 258
692 435
464 804
544 524
396 891
267 833
896 470
534 122
234 560
893 643
630 303
289 966
727 508
502 329
998 935
510 385
13 90
688 763
821 4
301 311
414 334
397 327
538 558
364 25
534 410
524 112
40 820
629 169
983 217
134 815
39 363
776 465
26 429
472 408
519 898
155 605
803 763
241 531
865 410
542 38
275 965
15 112
452 643
92 487
699 516
422 584
103 649
515 267
477 605
923 577
488 988
71 299
84 94
474 342
705 82
88 117
864 627
702 538
62 545
601 126
327 270
100 970
404 844
41 442
523 261
890 7
929 699
211 752
207 458
269 335
842 759
319 568
34 541
304 712
536 221
859 777
267 562
837 217
509 348
199 86
884 932
689 170
745 21
121 428
707 474
886 764
988 148
989 133
58 817
906 929
21 456
951 673
912 381
238 207
613 837
73 139
628 210
203 637
611 240
143 566
702 397
240 114
767 224
129 799
31 564
952 52
897 291
483 614
43 288
497 544
334 200
637 608
656 738
618 158
951 930
323 130
923 898
247 707
802 927
123 809
622 327
479 559
247 209
604 452
275 663
954 652
385 289
4 998
559 976
634 188
364 0
945 693
242 333
973 226
978 387
709 759
984 256
59 63
421 265
682 57
249 427
803 3
474 569
434 978
124 712
607 229
477 620
926 234
689 951
485 245
338 900
8 479
572 911
645 363
668 951
160 512
801 427
243 20
303 896
605 484
198 771
517 304
211 44
307 872
342 42
651 500
299 774
952 61
749 808
956 845
444 411
701 4
791 301
942 238
408 766
412 309
195 497
556 461
885 755
422 12
586 589
106 645
772 703
8 793
230 579
352 86
2 892
101 743
235 571
776 532
241 922
742 471
245 203
964 296
421 994
942 328
814 713
71 721
768 43
926 774
773 812
137 811
666 817
884 480
56 37
751 427
476 378
968 987
47 826
434 456
166 408
414 528
790 710
52 206
961 867
364 345
497 562
554 634
266 767
524 896
862 673
247 800
111 928
152 617
979 135
494 122
728 1
894 398
66 695
757 513
74 935
41 218
718 80
460 457
428 789
312 487
455 888
120 706
15 729
342 457
31 708
484 441
988 887
492 339
414 781
564 819
763 532
634 662
393 843
268 311
198 591
942 548
824 628
806 387
957 643
91 10
151 911
840 315
859 863
735 842
169 9
885 533
454 912
863 199
578 84
52 646
425 589
613 157
770 755
757 667
991 426
433 22
504 941
769 894
338 80
832 124
651 840
351 688
878 300
166 894
310 176
442 924
974 337
242 53
273 196
447 996
21 835
266 150
109 160
857 485
445 233
135 864
949 38
985 142
753 921
48 983
276 831
311 769
133 238
570 116
776 951
445 578
828 739
432 190
446 873
5 90
146 590
177 634
837 558
750 360
696 339
211 373
39 899
504 612
5 446
222 879
884 697
909 251
872 741
425 811
40 241
691 976
548 632
125 126
262 466
436 281
949 440
349 287
464 873
685 61
248 127
60 843
690 258
512 910
67 168
190 868
631 192
515 987
841 761
134 837
474 856
262 390
952 848
1 780
719 173
625 544
9 552
70 197
387 804
382 91
252 145
882 793
405 514
632 797
753 597
846 776
106 148
541 353
329 652
495 220
31 20
531 278
873 557
833 254
448 300
524 983
210 245
104 103
768 707
367 409
350 308
589 311
196 5
744 824
443 637
765 42
261 848
44 838
599 794
364 658
572 444
72 827
692 107
16 818
15 518
515 153
165 768
436 194
396 730
755 361
65 564
624 50
692 833
569 926
844 338
675 87
137 625
646 566
6 915
462 889
219 686
460 179
671 118
994 931
233 193
632 64
809 68
619 105
371 959
390 347
852 612
966 261
886 616
739 645
742 59
96 47
990 344
828 551
824 31
688 298
754 9
877 455
645 510
638 556
924 884
342 945
282 595
130 790
460 147
834 813
697 459
821 352
841 839
234 401
554 830
243 666
658 616
718 165
841 363
645 333
517 98
161 349
905 226
720 157
556 978
52 566
567 11
656 415
833 267
869 353
354 485
661 192
405 847
969 333
699 637
207 358
572 359
930 713
348 191
256 200
763 248
467 840
867 786
119 15
870 725
120 425
929 259
29 174
513 574
797 231
864 338
191 112
696 603
727 735
628 716
553 655
436 431
142 265
445 24
279 971
532 485
437 834
60 314
371 177
48 835
573 116
160 68
250 695
988 483
400 497
225 368
308 198
462 668
212 475
60 509
876 815
322 219
630 358
740 442
854 425
619 675
610 604
178 838
870 544
879 49
541 648
40 441
773 713
62 396
410 190
641 298
954 269
944 872
22 208
9 217
349 705
551 962
567 474
460 829
281 63
135 15
341 860
205 976
268 141
868 389
653 460
940 757
516 714
997 392
555 831
564 871
561 238
484 154
843 435
241 52
209 249
21 632
793 598
936 209
819 43
300 632
361 334
898 655
816 623
155 982
966 853
622 931
89 414
698 479
13 97
397 443
246 397
917 562
677 130
184 345
864 329
428 543
40 894
68 246
276 668
854 530
971 958
195 986
32 119
220 990
98 749
875 56
159 712
74 340
942 332
808 669
825 382
886 116
963 480
724 779
486 359
119 846
930 209
914 97
970 763
361 363
793 992
193 445
497 516
634 403
665 163
306 799
747 628
619 13
761 530
195 813
883 181
30 525
337 281
709 502
906 989
532 924
533 713
947 993
292 414
27 337
343 487
838 171
404 685
826 342
214 417
183 350
997 98
763 424
932 369
411 607
0 408
777 183
976 709
234 942
610 536
41 698
885 918
468 675
606 844
720 683
121 791
470 588
601 731
151 738
655 157
878 743
433 417
46 4
522 12
676 579
751 378
593 873
435 282
419 862
920 414
382 360
447 187
798 743
349 207
519 49
691 554
104 522
131 654
81 881
422 59
853 751
170 346
775 186
735 581
864 257
36 535
862 144
428 708
457 44
181 340
44 499
441 174
146 128
436 554
668 421
450 336
63 188
769 978
986 838
445 932
858 98
132 929
312 219
700 358
242 251
605 598
20 744
946 764
220 503
851 486
157 626
616 907
20 955
893 474
356 416
555 536
397 662
508 160
587 794
604 78
796 348
933 435
16 623
276 624
189 987
190 927
826 543
293 798
871 414
647 747
917 448
149 537
281 254
194 645
832 227
1 426
425 978
860 309
346 292
886 839
590 611
738 770
365 962
106 588
347 990
50 857
223 334
297 787
339 30
482 574
21 943
6 234
207 238
157 835
968 84
907 36
412 27
776 375
372 82
841 959
50 195
77 37
501 751
973 569
200 430
867 562
457 783
906 539
438 544
925 435
697 783
568 757
57 317
514 493
607 836
288 592
401 252
861 352
495 908
265 508
556 311
597 740
584 348
604 350
473 363
952 538
875 828
112 872
591 463
902 810
705 747
188 809
384 385
390 481
985 84
840 298
446 694
216 904
945 907
770 41
858 488
606 341
748 650
481 325
353 895
314 923
341 127
687 882
501 313
12 743
625 598
3 744
726 684
923 346
318 796
381 13
841 144
848 192
867 103
832 236
964 456
43 735
325 223
470 729
589 326
466 409
950 966
538 318
15 20
394 95
800 358
389 877
382 423
233 96
261 435
396 118
349 280
837 296
672 342
680 215
441 847
543 894
908 276
797 656
620 668
906 324
265 288
567 88
467 819
101 704
119 535
654 696
409 607
182 505
904 160
645 521
831 388
130 967
464 506
305 340
374 156
423 205
388 275
456 866
477 196
177 938
999 627
150 363
890 112
750 971
645 904
406 985
232 989
955 453
468 219
564 721
597 608
137 20
730 728
685 417
957 26
598 551
165 161
510 280
102 720
157 505
237 863
304 205
602 768
618 647
777 935
459 657
379 375
337 711
623 322
270 64
245 587
720 295
261 818
925 935
696 797
605 275
430 429
840 105
528 691
36 398
367 797
857 630
958 665
592 946
826 447
508 214
999 971
789 885
284 181
965 655
403 557
576 843
31 869
302 878
387 347
16 120
622 812
317 254
203 75
244 943
40 958
876 150
359 530
588 373
818 278
162 33
165 135
223 826
420 648
818 384
110 990
119 297
265 220
444 2
256 183
220 630
410 716
875 596
49 390
759 319
844 759
789 732
36 830
607 655
692 734
831 407
788 934
137 909
668 868
290 974
791 178
757 264
863 608
581 988
271 870
688 964
496 940
184 134
935 36
377 18
612 591
902 547
337 247
752 133
579 531
970 875
133 369
926 37
670 24
785 312
449 598
363 421
794 349
966 383
900 55
156 111
259 124
566 904
742 860
612 552
401 986
947 868
718 815
122 483
285 348
834 816
983 789
635 615
215 692
776 215
300 543
54 535
750 251
146 888
272 634
521 840
685 314
936 567
888 540
981 855
744 829
39 898
701 66
951 141
821 697
901 612
519 616
23 400
142 860
662 133
836 914
875 50
735 502
507 288
437 817
426 668
39 314
733 500
955 689
777 225
254 635
964 571
731 769
826 711
49 9
535 499
401 851
483 882
112 50
413 428
407 345
851 581
318 858
257 575
551 288
132 130
916 52
665 78
485 56
100 647
104 896
812 78
135 775
823 115
689 634
888 990
203 371
291 10
775 565
308 434
111 610
329 782
462 178
503 738
302 720
191 398
422 469
359 502
877 511
208 42
771 160
424 604
59 806
318 792
269 557
499 62
65 964
380 447
440 919
457 261
457 717
512 804
674 485
530 171
272 535
553 128
813 987
324 835
804 278
586 822
100 146
146 991
829 744
788 265
500 398
784 651
105 415
202 509
124 687
728 291
674 797
830 839
552 252
759 571
197 154
346 707
35 77
629 77
141 723
785 89
438 940
220 737
576 816
564 372
460 230
390 373
476 711
807 916
273 383
297 783
265 71
604 811
759 230
450 890
376 311
323 785
295 520
232 142
203 728
841 15
590 145
183 115
493 176
771 207
156 19
270 495
675 402
781 382
351 962
682 102
786 933
946 964
754 403
650 858
100 543
907 124
320 139
718 390
886 166
82 310
743 793
741 812
978 892
514 479
350 981
929 968
778 262
390 468
608 176
876 591
697 817
875 405
285 917
288 945
992 16
187 829
713 19
253 764
889 306
708 162
275 692
271 631
422 502
65 107
749 45
416 728
150 754
107 505
940 237
475 750
767 276
307 207
66 85
27 18
226 393
873 185
787 821
335 615
34 376
302 829
378 438
555 452
309 553
429 687
494 795
611 552
495 664
370 195
98 768
810 415
404 432
729 559
214 96
951 625
779 421
449 976
636 389
497 921
297 348
46 284
925 250
829 784
307 375
476 230
75 761
317 789
943 715
981 827
132 773
912 58
829 444
151 849
476 692
195 341
284 441
588 196
760 53
121 724
32 719
709 736
385 845
178 405
224 196
342 78
17 468
568 435
990 289
591 589
794 302
623 572
869 838
695 216
715 612
942 978
635 319
784 173
425 236
410 447
859 378
755 64
590 880
130 797
633 542
414 315
777 818
125 399
797 671
155 327
518 294
968 557
793 205
866 657
416 250
350 881
575 831
62 804
328 549
877 864
120 439
28 246
390 766
139 603
326 718
225 477
97 753
459 523
930 291
530 330
321 795
369 785
785 886
359 717
791 258
297 558
427 873
201 162
954 525
773 947
53 203
476 56
395 510
489 91
442 608
772 635
361 840
167 193
508 490
881 659
737 172
15 254
590 633
931 163
859 433
513 904
77 769
738 104
342 548
800 789
88 969
263 275
692 150
949 681
624 13
404 684
834 493
348 904
684 661
90 568
53 503
178 455
978 827
829 560
260 567
304 614
936 215
330 502
836 914
346 600
20 281
884 855
713 170
17 469
175 409
647 47
348 794
220 834
569 436
238 534
173 536
801 364
147 741
322 588
721 257
43 109
242 719
810 342
452 852
171 253
982 748
951 611
538 886
399 967
924 56
985 46
522 717
83 957
797 312
212 487
870 139
219 900
793 384
584 945
823 449
624 545
595 634
725 654
371 988
469 402
542 149
775 948
984 83
423 948
640 993
615 471
406 648
202 994
275 386
926 802
338 370
947 315
359 731
749 905
221 891
257 584
684 233
149 71
997 161
564 717
689 909
366 982
714 740
77 229
536 262
422 109
896 18
825 128
222 740
35 89
404 535
229 2
529 892
57 488
570 857
897 740
963 240
10 332
819 358
608 112
800 115
332 956
3 669
542 656
588 95
918 417
544 664
910 254
727 451
21 431
96 700
723 55
7 105
900 98
974 923
838 917
456 249
803 606
499 688
327 532
434 182
761 588
635 759
449 574
288 781
553 93
285 112
467 782
65 303
384 143
764 540
116 287
328 725
377 146
667 128
701 87
836 555
940 256
74 211
97 7
551 975
875 317
65 329
779 616
861 925
753 354
2 207
767 475
359 467
931 295
888 254
621 62
491 40
338 416
370 89
997 874
286 520
874 794
712 429
495 802
758 946
809 923
354 438
83 44
656 513
921 746
729 778
998 341
304 166
502 915
826 904
27 345
483 736
984 233
238 735
941 831
759 614
51 973
437 701
855 353
210 749
723 524
226 136
557 144
818 317
612 794
541 431
784 504
505 71
306 319
454 106
287 496
121 113
57 454
146 276
626 734
183 619
111 433
137 562
819 579
905 75
281 43
524 450
190 742
342 696
725 272
334 652
81 493
307 600
846 113
114 852
151 471
796 489
949 942
170 943
804 570
503 650
81 429
443 399
0 43
836 179
277 662
423 186
860 412
152 653
99 376
707 648
826 719
525 770
659 609
962 199
203 788
97 897
193 769
193 566
801 913
345 680
693 940
958 721
836 695
17 125
645 861
643 638
480 470
720 858
415 378
504 660
337 985
367 464
215 472
418 610
373 789
656 307
25 615
24 567
723 485
121 806
973 833
195 175
846 432
371 170
553 230
394 321
471 341
720 632
241 535
521 523
835 54
452 790
455 415
259 314
634 409
678 168
243 58
282 464
715 291
457 859
757 845
373 585
674 196
400 988
483 903
451 920
312 712
623 811
746 413
614 45
335 232
52 838
557 901
578 739
999 333
944 164
433 81
398 438
217 785
119 419
55 958
732 20
5 618
504 282
394 664
490 533
456 955
678 537
194 807
987 41
268 283
477 25
746 781
844 195
609 167
739 799
309 339
625 419
989 270
935 733
143 809
692 196
951 493
27 609
649 745
516 72
60 749
145 514
527 718
379 886
947 349
905 813
717 754
467 355
690 48
666 98
617 347
230 243
44 448
2 929
623 425
676 549
248 290
930 159
18 259
82 662
319 667
334 983
656 396
89 782
241 802
481 970
854 447
197 724
730 73
635 379
378 134
301 8
977 164
325 141
777 337
229 368
615 764
436 330
975 644
173 830
500 799
22 320
444 743
403 923
760 28
419 501
784 545
543 546
143 618
783 553
567 675
643 152
859 162
97 179
758 866
78 237
723 679
667 967
575 564
608 70
415 466
563 639
563 464
178 926
728 461
209 556
519 549
779 973
781 447
973 297
845 112
730 104
62 635
388 396
791 961
324 987
580 462
672 311
817 432
977 132
652 558
245 405
598 550
990 970
695 597
683 439
349 139
314 767
430 963
268 767
441 128
249 594
187 806
752 48
477 674
135 52
517 995
566 572
298 935
866 841
792 206
443 327
50 822
955 265
286 393
963 317
211 382
242 671
123 914
143 601
248 791
458 912
592 397
247 729
907 22
441 507
609 583
300 541
994 580
19 321
595 176
521 727
77 265
321 266
318 852
764 999
808 854
110 717
195 714
952 687
812 163
830 419
708 35
545 754
659 127
776 378
487 605
281 467
268 302
70 650
396 265
115 49
827 742
475 649
922 887
751 40
73 649
402 772
537 976
400 806
482 761
830 566
293 916
948 34
127 813
30 875
606 52
258 94
525 761
861 35
330 417
125 278
76 548
566 85
425 282
212 431
34 474
102 282
902 766
423 253
379 59
113 547
281 78
169 679
737 902
145 503
432 918
43 228
46 589
807 485
48 147
278 773
751 712
144 198
721 861
262 98
530 870
725 52
521 705
636 159
558 92
54 40
657 965
290 946
285 835
685 572
322 296
866 217
948 444
526 580
378 134
244 951
261 741
3 485
332 200
40 892
168 210
601 632
458 151
48 955
349 213
270 103
197 607
894 826
596 853
446 62
731 735
748 300
368 753
923 897
600 921
857 31
922 810
819 346
494 274
934 298
322 739
48 465
943 654
862 599
207 463
684 937
383 487
18 535
721 375
532 983
447 773
419 71
76 901
658 176
49 469
650 491
744 323
246 766
530 629
796 402
30 550
465 394
452 665
857 964
305 848
666 260
317 190
5 913
414 595
431 233
994 162
450 830
116 565
826 84
36 306
99 442
812 270
251 339
751 963
234 995
216 824
243 886
153 770
579 737
893 177
560 333
873 676
793 896
480 70
241 24
565 907
554 142
307 340
155 596
722 262
738 577
79 933
75 620
497 625
931 339
490 711
710 666
745 367
921 17
661 545
794 281
365 847
986 610
895 294
396 838
367 321
918 263
749 216
804 379
621 674
567 592
202 862
846 534
951 176
92 785
693 821
892 797
216 462
834 163
210 434
607 155
404 884
599 597
825 951
888 182
477 813
841 492
873 293
917 537
95 139
288 891
251 114
704 427
657 956
790 49
935 423
95 814
54 278
468 332
677 119
861 86
410 67
638 260
213 208
812 365
715 801
712 754
600 501
416 510
529 940
974 485
358 133
654 180
295 908
497 856
92 130
907 51
199 765
263 674
735 894
913 635
42 471
735 798
246 395
36 903
303 303
384 794
403 395
364 748
973 630
299 95
166 81
501 981
958 837
92 548
76 246
228 18
308 365
746 701
136 85
812 704
972 447
461 973
55 667
641 134
154 154
197 365
517 717
252 812
264 622
243 955
425 941
121 695
543 102
42 799
277 665
683 35
170 872
760 631
381 114
161 986
99 479
880 983
657 706
329 45
736 954
5 225
586 479
764 269
582 254
998 271
937 101
630 522
21 32
685 906
487 695
711 198
718 100
568 593
254 291
795 38
311 137
670 492
629 421
922 686
303 806
573 181
582 775
298 266
682 149
406 852
521 440
127 86
267 462
911 748
299 236
794 655
492 286
361 576
664 844
793 373
329 553
755 338
889 741
326 687
739 94
158 652
850 811
393 325
156 686
649 439
57 173
62 337
522 161
898 637
255 903
996 401
477 907
909 486
337 973
728 183
151 680
262 560
362 507
996 320
477 123
41 510
88 156
610 570
420 8
371 561
226 728
292 587
836 746
686 343
530 978
827 252
339 820
978 239
157 519
733 595
863 912
913 871
253 765
436 336
746 670
145 818
202 647
937 170
261 476
490 249
21 866
254 84
34 408
836 693
700 982
280 290
911 417
946 445
175 420
952 402
553 785
905 187
197 882
77 941
827 856
885 663
535 647
326 812
486 655
89 116
216 78
700 110
797 12
923 681
998 801
973 760
972 503
657 50
365 587
27 595
432 888
998 266
294 144
892 943
881 719
625 381
411 989
766 284
769 273
296 242
717 727
172 502
167 698
392 730
518 156
710 694
250 789
62 883
590 407
59 182
23 475
502 930
591 849
334 826
893 614
552 843
811 114
181 901
775 302
6 477
174 232
921 673
805 170
187 391
69 962
512 954
112 870
327 264
131 94
706 444
511 314
326 464
522 981
840 184
230 454
353 765
391 384
782 243
860 522
631 802
161 59
149 97
962 489
185 130
996 671
475 209
495 454
882 679
68 892
769 406
671 464
623 636
864 916
67 702
826 730
97 930
941 669
284 374
342 111
492 608
460 890
917 947
579 315
441 780
184 168
442 553
285 554
984 671
474 949
716 294
712 179
438 312
938 614
386 697
336 768
851 898
86 466
653 407
418 261
551 271
75 603
881 103
75 783
91 765
575 319
219 751
808 13
514 492
256 334
726 773
876 665
466 988
846 725
81 871
248 413
879 27
377 85
1 218
572 297
503 664
478 968
825 287
260 608
362 514
316 647
631 52
716 954
232 615
79 759
44 609
564 952
484 543
192 533
333 460
544 730
324 418
578 835
348 939
587 490
831 677
563 898
348 368
732 67
571 419
834 851
687 168
272 912
754 872
345 548
64 942
371 137
959 323
895 142
565 92
877 659
640 843
88 102
456 4
746 593
536 18
609 316
212 297
311 31
589 321
747 751
84 101
257 746
56 480
804 682
120 897
926 646
969 503
751 362
577 1
120 933
1 75
114 294
711 49
608 533
402 818
729 337
243 712
337 493
489 869
734 930
424 205
384 770
751 155
585 751
894 179
251 689
963 442
76 964
487 822
952 631
630 763
112 120
552 536
203 645
697 218
3 168
481 914
504 887
134 414
122 708
789 534
0 335
723 59
102 124
97 846
973 972
805 781
904 208
272 18
708 455
989 810
537 492
915 521
666 79
66 542
827 766
345 140
851 718
942 700
707 200
916 624
456 969
429 481
740 64
112 115
780 256
623 353
309 817
56 520
251 201
649 464
669 75
990 183
829 846
961 90
134 550
401 281
496 212
779 770
96 993
343 526
974 369
273 515
806 638
28 645
567 35
641 511
20 686
580 185
579 787
388 34
969 207
594 816
577 676
63 273
640 917
539 471
884 590
746 928
963 820
770 911
440 374
542 975
707 473
224 105
713 369
807 651
549 595
9 873
6 134
553 966
706 607
612 775
360 98
425 7
203 915
630 47
782 303
694 231
443 75
227 972
212 60
711 937
325 176
796 123
464 540
755 773
789 359
731 830
460 180
605 817
10 295
318 973
965 361
654 131
673 982
588 561
330 985
691 781
229 86
814 429
94 805
726 573
35 326
524 843
692 513
560 789
120 790
374 104
390 523
441 935
167 381
66 986
217 8
292 948
219 848
654 960
419 92
23 856
46 853
393 962
449 958
125 27
33 991
569 456
751 190
211 831
48 348
472 157
8 743
991 747
413 673
560 664
228 606
508 961
682 780
144 674
683 845
840 324
753 514
110 895
851 636
218 910
2 771
489 844
759 313
77 538
558 635
841 753
569 403
651 650
688 628
132 372
914 327
695 710
755 119
673 239
90 900
742 737
823 854
849 819
656 389
588 658
867 111
545 8
505 466
950 286
93 628
85 720
739 599
760 531
189 407
809 968
648 789
223 924
316 964
886 392
485 470
373 368
545 711
321 80
883 559
473 231
191 840
33 34
541 488
717 67
692 995
538 704
885 124
800 866
696 133
378 262
280 105
55 607
442 923
419 70
289 381
647 923
443 305
903 585
946 722
124 288
594 725
180 783
38 562
409 140
490 219
182 902
300 350
979 857
376 191
518 323
578 54
883 960
198 878
806 890
584 138
448 155
679 557
394 37
957 599
286 284
204 656
963 312
959 867
414 990
463 614
174 335
913 779
984 22
673 162
91 993
47 607
273 361
702 753
512 276
317 834
840 199
845 567
172 104
787 224
379 240
950 602
332 336
978 861
693 996
376 749
982 100
813 363
437 757
154 997
778 375
686 690
520 316
709 317
358 900
813 281
553 359
126 476
345 437
209 355
777 749
107 552
992 754
963 776
66 292
482 911
336 648
474 246
841 737
703 230
831 628
87 565
675 500
704 33
776 240
727 798
527 192
282 616
777 986
792 422
789 778
573 778
152 279
257 89
194 148
205 122
581 442
916 666
879 643
955 83
987 85
427 609
339 103
945 151
237 519
136 267
555 965
541 841
160 970
933 896
134 803
954 74
816 739
115 53
852 198
284 499
401 315
73 814
449 399
80 742
697 250
512 564
965 693
894 24
498 223
105 249
76 173
23 968
579 717
685 852
112 974
515 958
38 264
860 303
713 526
601 91
387 598
313 940
820 845
730 222
570 360
804 271
428 410
462 80
958 38
397 807
876 942
387 53
762 89
346 948
377 160
145 674
108 286
196 954
39 310
571 620
588 166
342 989
535 416
120 298
922 49
74 314
871 625
296 69
839 479
851 471
574 584
714 127
522 905
91 676
28 452
120 867
349 40
671 269
101 836
263 220
568 581
716 5
316 893
478 378
772 116
134 73
972 294
24 352
745 99
503 357
581 669
466 926
480 594
944 28
405 784
10 87
130 10
629 258
784 471
743 661
247 360
626 152
722 396
590 123
485 557
589 738
780 205
974 942
636 778
763 835
441 883
456 103
883 35
738 206
437 478
725 958
59 112
862 381
563 538
654 689
675 260
514 708
534 271
814 790
13 673
171 592
981 602
194 815
520 868
715 306
247 877
148 495
387 486
895 161
699 208
822 617
321 59
601 783
93 958
599 148
609 863
977 378
526 521
385 947
477 963
125 19
228 60
185 526
715 385
146 366
883 157
643 861
838 537
1 188
108 79
407 860
613 204
858 90
503 750
123 213
296 830
78 175
468 210
958 203
755 509
547 664
274 273
339 882
189 531
222 853
399 915
804 379
263 625
160 37
731 466
6 141
104 214
233 310
567 320
342 84
175 390
646 490
745 459
971 468
556 604
741 707
389 196
57 474
852 679
763 542
595 390
704 713
22 932
439 844
330 296
507 451
734 23
201 861
866 402
263 155
601 993
833 196
79 452
652 853
529 708
198 391
312 725
364 393
962 851
732 746
966 837
774 460
436 989
560 439
533 39
821 564
87 982
610 969
814 23
291 593
395 674
640 533
57 61
227 340
236 591
615 87
915 268
838 613
7 550
658 850
936 645
709 899
890 950
492 263
223 831
475 561
180 826
727 889
404 579
554 700
213 390
20 3
487 927
503 207
24 693
540 671
32 849
401 918
197 746
830 535
627 359
243 91
134 133
685 213
539 705
81 392
793 545
268 778
751 361
242 375
455 528
385 688
410 358
449 639
129 834
568 306
737 784
941 319
606 702
286 957
228 49
830 536
911 309
330 156
496 18
634 811
657 23
263 258
933 772
243 352
464 941
636 635
64 608
796 104
678 930
471 99
214 60
904 318
766 678
976 565
426 941
147 429
87 113
642 472
73 581
241 537
972 796
264 706
973 596
169 752
971 524
324 752
579 857
744 238
514 727
109 675
838 980
334 374
809 716
349 388
373 111
709 530
410 596
885 891
569 807
311 729
113 75
618 577
211 321
513 100
144 881
669 861
519 638
676 519
958 415
600 421
943 180
438 619
908 605
97 676
963 219
894 110
50 964
47 333
971 521
967 769
458 492
7 160
768 511
118 428
875 926
62 655
345 225
512 984
35 641
973 600
984 392
147 322
981 299
527 912
684 143
633 505
989 571
539 886
689 866
541 697
600 74
262 751
116 563
949 444
336 332
35 412
221 374
275 37
702 661
825 585
632 534
616 950
987 680
498 284
778 42
761 783
623 399
717 548
868 743
919 661
506 494
526 843
36 746
620 455
951 883
556 776
401 939
584 516
268 873
445 763
768 937
713 17
486 449
901 867
439 218
858 171
901 347
614 392
974 34
731 565
108 646
25 287
238 143
676 338
759 940
665 769
949 630
951 546
637 81
367 331
690 827
998 462
971 751
574 733
384 567
25 355
547 42
534 756
837 307
543 513
35 364
209 168
465 99
492 705
864 80
310 390
303 98
826 475
906 331
201 186
20 443
561 391
57 800
920 453
322 712
398 224
836 791
425 686
121 286
751 637
125 534
721 637
903 176
461 750
2 16
910 906
398 520
111 335
363 428
819 325
771 861
10 883
240 857
484 907
567 18
534 811
565 469
660 434
646 722
238 287
660 833
147 445
619 476
85 282
429 52
200 302
517 660
842 757
427 444
596 824
254 769
761 564
583 495
402 3
782 829
845 778
512 489
20 642
308 518
520 514
165 597
925 548
598 557
138 319
320 430
981 455
412 360
828 25
973 164
479 320
492 612
928 703
588 946
101 890
369 316
77 255
270 545
787 400
989 959
293 531
230 956
733 677
428 176
622 904
400 597
166 114
563 40
79 717
105 19
880 770
570 32
667 753
394 354
539 831
228 45
877 44
993 19
828 58
335 254
493 671
563 964
934 117
7 891
545 666
904 385
864 159
823 237
326 169
434 698
637 871
122 706
958 668
340 626
607 786
565 629
32 594
325 8
504 429
626 890
251 83
183 813
771 602
368 175
68 827
822 54
321 264
278 456
362 946
825 370
564 328
313 131
703 526
976 482
471 703
9 388
494 919
971 881
917 350
901 111
251 599
189 464
258 71
416 19
729 390
622 910
69 649
758 5
176 507
274 412
61 1
876 84
377 573
236 758
694 500
865 461
414 236
26 787
56 619
474 143
222 203
583 636
733 811
528 91
760 321
735 108
429 673
892 306
90 405
710 778
964 701
434 144
544 74
207 606
657 521
610 52
169 752
806 688
642 15
259 756
954 607
2 386
149 864
146 379
665 151
605 643
779 368
167 610
992 106
22 85
901 328
209 446
473 976
355 429
247 632
962 69
181 856
916 716
182 555
465 991
659 848
271 704
888 31
6 726
988 310
958 259
211 809
20 99
935 854
938 214
512 136
866 271
252 668
274 338
397 568
395 261
80 297
681 905
405 520
915 570
606 721
32 827
476 80
599 464
351 822
434 967
104 344
659 386
163 292
194 496
833 150
775 675
633 223
286 84
401 268
923 323
631 924
435 886
75 886
766 633
450 680
837 539
812 887
632 863
572 149
38 751
77 947
779 872
129 458
897 541
13 579
301 820
673 116
12 614
823 606
313 43
484 550
833 857
31 443
333 431
894 655
522 549
594 574
933 406
471 524
382 656
305 925
260 69
237 506
656 217
611 327
12 571
829 25
685 473
425 393
241 924
108 714
708 231
694 528
494 59
316 715
911 793
23 73
460 465
535 86
58 675
820 268
175 244
729 987
98 300
114 656
436 214
438 532
71 980
63 511
227 586
28 285
385 967
674 992
863 452
689 808
448 545
522 373
90 595
908 786
220 186
893 151
528 596
78 173
937 460
266 929
509 82
567 278
543 812
875 632
948 446
785 276
57 587
339 587
1 640
165 907
972 272
701 528
775 413
244 162
336 565
686 115
649 197
816 651
869 549
800 258
340 121
480 405
585 988
771 721
661 32
332 943
593 14
648 134
518 758
494 428
873 245
600 38
610 262
711 275
861 80
282 87
823 93
430 711
91 105
625 725
121 705
140 859
235 559
177 822
654 610
479 442
301 66
902 681
928 628
847 959
436 576
857 494
727 864
271 676
709 652
817 555
634 259
578 145
502 441
557 193
485 157
204 212
838 381
544 99
840 84
740 294
242 491
524 299
972 458
124 628
645 270
816 557
316 852
589 618
777 126
147 90
807 645
648 663
55 907
263 246
140 851
130 389
954 412
878 337
409 568
905 144
380 484
240 686
80 523
757 268
360 773
734 821
501 210
381 575
392 229
516 532
288 210
328 714
617 807
408 273
99 842
112 369
93 556
793 463
88 0
20 650
553 880
53 914
793 86
938 706
794 507
733 321
873 897
263 396
941 631
472 34
110 90
774 292
325 804
652 977
117 994
818 133
977 704
681 144
941 651
283 718
614 471
628 434
872 931
854 498
550 611
345 497
862 136
564 427
53 365
474 522
357 64
93 196
669 375
993 400
643 863
621 368
662 605
808 313
88 869
841 793
95 438
693 709
814 896
388 294
92 15
18 979
123 379
983 196
357 558
740 31
441 557
46 269
317 588
971 753
336 887
620 256
935 548
720 492
497 142
442 234
206 840
221 310
990 278
494 681
446 993
244 464
599 235
567 98
138 785
779 784
683 75
26 260
873 302
325 988
357 306
936 735
972 228
264 946
501 602
484 568
239 134
725 609
722 255
128 908
218 828
95 475
2 777
739 867
190 668
427 116
556 547
945 102
368 775
289 899
909 875
255 597
417 598
252 288
866 904
197 252
31 390
590 411
759 26
810 510
600 129
859 225
288 641
408 472
494 741
738 463
405 219
679 844
255 734
726 791
928 705
837 367
596 970
733 520
834 917
155 165
251 508
514 538
415 771
174 687
993 182
178 515
495 169
289 626
315 2
148 278
460 553
465 527
605 991
133 789
808 523
269 816
382 150
102 777
281 237
630 695
537 455
633 416
550 147
653 792
405 24
586 33
376 958
254 424
281 210
363 446
766 765
847 780
334 447
217 138
13 512
531 358
856 125
4 450
80 990
533 197
29 829
857 667
837 398
801 556
985 169
482 607
296 56
463 93
118 346
701 50
208 240
424 24
655 263
171 703
979 14
130 387
291 509
607 270
324 711
410 658
735 53
618 322
685 254
419 1
615 347
805 900
710 951
993 295
648 579
561 11
527 79
633 690
705 921
351 919
911 908
684 454
475 718
589 813
472 310
289 954
698 749
293 263
624 245
199 307
980 491
262 596
579 804
912 458
432 914
471 887
720 194
268 21
777 495
60 731
522 728
922 748
524 37
37 715
552 349
8 757
416 74
834 241
753 532
556 996
46 285
102 247
432 212
919 280
426 760
462 124
440 366
687 385
952 773
413 383
48 559
15 789
890 384
440 547
142 377
74 493
169 184
259 387
914 672
104 279
819 790
792 918
138 612
224 820
380 543
167 419
353 521
1 521
588 14
641 275
581 205
351 541
479 50
397 878
319 959
316 594
600 407
912 854
374 981
996 365
500 295
8 629
557 285
256 424
569 589
964 404
267 427
818 353
316 977
676 301
296 878
12 106
659 836
46 223
374 876
817 681
771 663
141 885
319 914
821 256
525 649
163 460
408 726
866 100
593 521
280 699
746 438
224 801
436 742
633 560
864 314
58 131
832 3
937 470
255 994
313 130
809 105
38 300
969 170
755 63
232 664
132 289
84 447
708 502
801 879
134 369
412 521
362 636
836 887
624 672
415 578
739 57
485 655
298 256
143 675
190 222
83 506
181 499
875 44
168 501
729 680
333 520
788 366
973 158
996 424
714 805
526 659
217 180
991 330
301 645
208 232
482 97
522 535
756 465
708 902
246 34
794 854
951 408
1 426
613 460
615 661
535 255
816 567
59 533
798 141
974 540
607 648
195 960
766 363
48 452
966 705
854 502
943 757
879 578
773 386
82 208
321 817
469 717
345 407
822 367
652 997
415 984
672 964
366 418
81 171
957 393
626 626
98 542
716 738
173 781
977 636
321 736
743 340
427 613
183 33
199 209
944 562
39 537
882 661
178 60
641 642
294 462
832 131
151 801
511 198
988 187
416 296
263 921
440 240
692 348
422 195
907 559
111 487
569 691
422 299
637 620
841 869
880 500
833 653
287 502
283 985
957 585
205 226
33 341
778 93
695 597
434 204
360 339
742 710
196 256
682 257
785 754
264 50
586 353
32 244
364 581
664 70
485 502
661 393
919 384
502 463
9 176
639 911
574 211
431 579
302 963
70 761
966 558
619 209
58 25
978 346
497 784
859 5
379 529
569 967
765 80
31 525
413 931
382 156
182 653
182 195
4 952
662 789
381 263
957 349
831 605
58 271
703 35
309 427
468 19
376 702
102 891
241 665
868 773
566 356
532 353
233 855
601 369
460 430
712 49
356 529
406 374
823 602
268 436
717 741
240 775
552 113
272 553
727 746
999 161
718 874
993 922
624 717
969 767
577 733
505 952
811 649
779 571
937 762
792 184
907 890
339 142
13 116
732 242
962 65
690 90
962 816
838 24
440 692
982 3
599 801
603 286
698 676
788 512
352 19
32 754
274 407
435 969
711 858
996 263
656 549
248 43
995 287
838 747
373 763
59 113
962 329
323 589
413 978
857 990
230 197
876 209
211 325
370 535
363 752
595 873
941 377
747 223
289 591
580 521
205 268
993 117
106 857
607 26
535 31
595 356
174 859
741 819
781 242
904 566
602 875
696 338
711 325
73 547
268 788
89 680
90 543
612 71
700 752
651 82
595 205
189 394
293 780
623 734
427 764
916 714
637 975
164 596
187 298
134 631
932 739
164 260
991 251
712 593
422 959
191 35
509 388
871 885
330 531
389 773
103 95
875 858
908 360
859 510
243 915
399 656
861 480
955 503
720 10
56 573
653 475
283 365
504 23
392 299
233 111
90 502
663 35
919 146
547 125
310 917
303 966
176 56
760 31
490 243
961 16
51 237
525 386
278 87
831 40
141 624
653 135
234 809
621 240
337 82
984 485
387 461
900 84
892 102
128 942
76 291
139 862
411 821
45 433
482 925
373 972
537 242
55 979
357 123
806 229
212 157
924 902
920 573
330 418
622 726
65 502
829 969
931 442
597 248
800 592
163 813
201 238
624 819
592 323
985 852
486 907
600 427
101 608
347 334
999 73
902 363
531 10
794 908
983 599
912 361
961 994
749 428
624 376
521 346
180 452
686 89
149 891
394 861
995 836
650 520
968 176
300 715
594 256
172 315
30 495
166 394
421 62
561 623
654 93
398 505
777 520
472 218
618 616
214 701
720 43
370 175
68 913
939 73
345 531
805 727
296 485
924 61
923 528
986 721
176 597
109 959
244 644
614 468
928 810
830 535
629 790
38 253
533 924
551 61
72 376
322 509
941 983
153 146
118 816
279 120
140 155
875 10
931 309
223 775
455 88
705 921
799 88
855 127
166 852
533 605
879 50
960 560
754 597
27 283
128 717
792 153
67 952
359 113
552 796
82 771
948 750
775 706
568 256
462 316
135 132
234 96
587 384
797 190
953 917
256 475
97 56
356 71
888 400
848 221
56 193
176 525
592 474
79 224
26 831
321 79
236 138
298 816
922 837
254 822
554 964
210 213
411 326
110 55
268 643
713 767
704 178
576 280
943 581
261 869
564 192
871 479
271 444
205 373
427 21
106 554
409 318
484 445
293 969
327 853
153 982
96 958
141 445
619 942
45 368
300 520
476 166
490 103
901 39
64 422
43 225
881 629
79 414
454 125
994 718
504 711
527 97
494 617
510 78
535 541
704 488
663 631
943 977
797 334
538 483
704 19
393 875
17 711
488 948
598 973
748 816
571 145
790 224
498 912
335 952
616 903
836 94
30 961
570 420
958 976
823 352
691 156
607 61
531 516
629 577
875 60
431 290
455 704
287 574
713 545
889 927
392 261
471 284
282 577
199 476
275 159
174 959
53 644
151 589
382 480
154 136
961 139
94 282
465 63
499 153
928 229
484 655
368 918
73 652
322 660
873 100
230 557
465 120
451 909
349 497
980 230
126 612
131 475
546 971
748 732
776 355
39 967
887 272
522 977
244 990
59 411
448 416
420 881
80 397
860 427
69 771
391 552
921 749
317 213
237 139
912 47
284 100
13 50
691 457
580 180
263 583
557 657
131 328
436 449
690 168
822 823
567 962
437 460
567 894
872 497
415 968
118 39
468 563
222 672
145 366
637 107
145 761
737 207
826 915
866 303
787 681
487 79
308 562
626 302
940 921
438 904
80 994
701 947
562 339
598 764
753 433
259 403
255 811
503 912
927 629
637 878
465 110
236 700
392 357
415 974
762 862
871 784
97 461
441 767
466 726
919 656
357 256
615 595
707 995
412 365
770 726
778 795
378 572
881 284
742 506
879 948
70 900
449 910
115 568
520 216
246 896
5 477
579 27
471 631
524 148
308 458
285 156
752 179
118 525
335 781
502 954
783 175
306 398
281 813
459 8
913 385
179 423
995 733
269 823
371 556
138 149
273 631
622 350
586 321
762 799
592 499
188 550
844 542
255 239
904 453
919 687
369 690
281 728
463 15
339 408
394 249
732 179
443 882
785 964
712 443
390 49
234 764
686 897
878 782
953 858
77 459
912 919
177 861
768 196
616 54
52 434
87 152
479 945
418 20
964 836
89 887
961 894
431 39
828 614
526 377
406 190
909 719
451 960
307 182
241 742
700 686
792 141
543 392
739 451
506 934
893 529
557 411
103 971
861 529
560 693
137 379
920 76
10 252
249 487
544 642
709 84
1 736
951 829
420 729
105 22
39 678
927 732
602 533
355 695
269 935
633 349
680 280
176 154
846 194
650 769
633 458
530 842
547 570
375 412
258 96
773 913
274 398
402 176
787 775
477 918
267 238
659 325
243 259
223 202
100 130
955 197
449 943
848 228
763 373
583 122
528 104
356 296
816 274
183 522
774 667
444 619
255 715
359 656
221 295
861 463
781 832
671 944
265 77
350 193
81 243
566 543
484 788
823 649
838 398
667 338
731 407
356 377
70 344
143 208
499 339
914 481
560 929
9 137
655 702
846 213
866 799
627 157
401 142
409 229
95 825
244 289
898 778
967 500
174 570
156 506
77 397
566 918
53 433
932 433
400 326
971 487
384 877
404 746
604 279
135 576
399 56
838 444
808 507
695 917
923 256
331 176
290 457
100 612
731 700
176 275
274 947
598 215
192 215
203 181
876 677
52 932
366 515
90 8
136 954
377 169
387 92
464 442
914 501
239 910
721 450
184 650
267 724
508 505
51 178
840 596
273 129
592 179
850 761
210 721
826 540
325 78
260 407
767 504
716 612
540 992
182 26
450 916
814 14
979 880
973 554
494 399
632 595
816 734
154 361
477 548
67 927
806 959
503 621
168 873
298 57
51 222
61 669
473 673
44 804
743 824
111 444
555 700
986 326
139 587
228 935
490 131
684 376
148 573
892 201
92 233
255 314
659 602
646 859
130 158
48 900
276 729
189 670
338 324
480 435
305 840
957 925
620 173
562 95
25 922
899 974
492 847
970 198
12 243
783 802
377 719
979 260
471 24
260 652
511 124
813 810
850 592
325 573
481 859
458 497
768 918
775 92
921 963
53 137
68 866
291 900
237 158
895 920
63 820
518 754
403 385
603 520
237 866
343 498
924 7
662 243
289 734
720 281
650 938
364 145
785 514
977 548
12 122
973 170
4 685
590 256
554 961
440 712
858 658
838 977
457 487
36 997
804 30
240 855
425 252
912 989
419 29
337 331
844 818
219 954
642 806
598 155
473 207
69 536
356 226
18 65
248 181
772 587
525 975
276 382
329 991
966 371
188 904
724 89
622 815
554 551
457 325
389 443
580 862
167 507
482 144
446 687
927 740
191 914
961 692
656 204
299 594
339 727
360 24
843 221
89 476
864 276
10 693
272 52
35 800
395 255
723 602
219 459
147 298
139 267
417 267
303 406
988 310
305 809
90 696
740 99
833 15
539 258
578 68
990 895
274 798
219 701
798 184
347 463
459 649
63 522
309 56
92 928
407 916
530 674
904 723
572 874
284 874
937 36
25 204
992 806
177 64
49 526
787 802
765 575
587 354
96 67
768 696
967 979
953 296
326 734
743 343
317 509
741 537
299 884
751 885
573 504
226 38
489 774
496 801
314 668
199 8
98 433
74 585
242 667
572 392
467 74
436 72
225 825
268 924
356 252
89 389
582 795
224 121
709 976
749 864
808 246
17 441
175 763
53 552
438 520
926 597
120 890
943 529
75 641
585 476
64 302
897 507
779 773
205 389
188 400
476 883
730 618
584 292
546 937
155 393
911 234
448 178
567 951
574 415
895 259
960 10
170 741
331 418
549 861
840 677
363 419
570 102
370 207
515 676
175 387
334 713
300 397
914 21
814 984
595 474
337 879
697 638
668 170
996 271
733 556
917 413
905 1
694 734
76 780
669 433
645 833
999 206
800 252
884 754
434 556
101 489
564 401
639 299
901 247
804 466
991 874
959 966
824 874
13 496
667 366
271 930
202 468
505 674
594 36
724 19
710 403
75 916
581 640
887 107
506 260
310 128
516 538
341 31
948 627
800 444
375 968
375 688
764 505
349 759
729 482
402 885
875 722
544 33
195 451
669 275
742 708
854 596
43 562
796 734
855 93
434 103
403 199
653 916
427 0
673 721
848 246
385 108
633 749
520 819
313 303
869 962
554 514
207 53
354 188
801 736
745 853
962 998
5 661
385 864
423 827
208 169
130 703
981 815
991 451
629 800
94 975
247 186
246 296
472 679
691 542
287 973
448 817
901 209
548 580
801 81
680 624
917 338
438 715
407 447
992 227
45 788
466 452
188 160
112 542
447 827
66 942
765 742
218 99
1 495
704 968
509 634
628 916
577 825
960 712
606 717
104 8
495 730
419 858
497 603
720 638
526 260
966 783
386 132
453 967
95 234
364 602
526 364
975 842
365 971
561 771
648 168
798 638
411 952
462 295
488 450
694 0
188 662
418 874
260 769
197 63
138 542
330 972
110 225
316 877
968 394
98 954
299 168
970 888
430 283
353 229
228 777
421 80
187 706
767 118
490 840
553 950
987 924
702 177
116 731
138 700
35 846
136 537
365 702
783 368
586 510
910 790
123 999
861 188
545 422
117 299
522 182
944 437
980 297
648 522
391 332
169 856
388 100
728 592
812 875
908 606
374 714
304 728
369 18
153 666
877 448
514 542
768 265
746 637
815 336
547 705
603 788
607 442
45 432
923 4
561 279
208 734
572 273
198 559
278 633
560 591
129 298
501 765
910 80
366 57
2 249
452 323
54 141
722 263
601 753
847 838
78 442
886 596
565 576
492 459
273 390
835 205
143 962
415 971
577 721
824 228
51 688
3 580
374 64
316 0
711 393
793 112
756 529
63 148
451 65
365 836
419 853
46 949
688 994
828 494
798 245
485 208
181 439
493 132
720 121
410 666
301 35
960 631
902 961
569 608
545 522
769 786
245 475
625 103
393 123
669 637
306 656
683 674
667 738
882 402
185 809
257 369
12 688
252 263
554 121
980 852
868 505
898 795
146 173
270 182
484 145
374 373
440 970
977 804
793 965
521 627
3 16
793 592
447 414
614 804
425 69
978 112
179 162
972 648
355 680
496 216
834 170
431 895
960 798
448 217
587 401
171 39
713 902
830 813
694 753
51 69
374 631
582 980
577 946
622 235
936 2
489 694
570 996
431 752
867 465
663 296
260 276
924 118
668 574
621 112
702 52
78 875
394 566
271 413
359 256
710 875
876 254
562 220
969 67
304 58
197 109
401 836
140 905
647 175
716 530
553 733
211 747
296 343
385 766
450 451
885 354
200 893
857 404
905 481
238 77
776 140
274 512
52 440
476 182
565 273
148 791
723 192
309 505
33 345
613 837
557 790
437 446
343 213
222 258
451 398
314 96
594 134
34 879
859 576
335 833
803 209
126 471
66 940
523 967
632 769
154 383
147 618
417 857
31 713
684 259
388 805
523 684
225 339
861 569
240 348
618 315
717 534
492 554
361 331
428 907
614 355
932 434
493 705
869 348
166 446
16 969
131 885
486 317
564 0
126 755
366 575
308 597
265 376
504 764
439 463
836 797
550 718
599 404
866 377
494 141
270 570
918 63
354 435
618 258
185 763
214 902
516 501
701 579
824 1
155 977
310 458
512 551
394 739
490 438
40 15
866 640
226 711
16 674
391 273
180 247
333 478
405 757
539 456
142 491
620 166
3 159
904 463
900 908
295 647
47 560
677 239
982 745
739 674
85 719
324 937
8 278
230 946
114 42
431 19
781 675
165 107
144 230
218 95
940 97
988 733
542 53
540 867
821 735
983 358
108 246
843 991
223 962
79 19
981 791
168 180
229 230
340 302
761 659
735 128
578 114
856 866
28 357
394 906
31 358
64 806
166 357
826 189
682 822
512 529
318 685
664 655
255 296
75 11
782 109
829 937
277 969
620 843
878 426
576 74
225 489
179 673
602 675
96 90
514 299
610 321
203 585
79 442
277 635
584 477
955 783
661 563
119 456
405 635
15 251
181 759
693 511
602 441
602 63
140 414
701 968
351 289
332 467
891 398
943 322
854 338
127 34
938 425
593 937
216 51
951 472
232 4
274 201
671 511
865 237
873 543
344 470
715 763
728 730
270 401
729 228
744 691
980 478
46 873
345 305
541 816
471 692
527 293
330 744
341 830
173 443
284 393
967 70
759 458
45 651
788 958
448 202
884 235
156 299
324 747
992 93
547 300
638 849
466 305
263 117
286 343
455 673
605 544
870 156
229 714
179 50
759 188
584 28
165 344
111 369
108 832
987 400
889 502
937 742
852 742
629 644
829 808
174 26
472 148
618 555
429 589
25 742
405 821
369 739
923 133
44 903
68 226
472 248
713 961
964 39
383 2
220 994
83 898
933 731
609 768
739 586
933 815
29 670
252 738
636 594
68 566
504 899
138 518
657 195
135 266
854 538
614 198
645 88
694 200
472 765
889 663
452 592
669 948
458 846
529 852
260 797
494 353
74 764
593 691
850 462
385 534
550 737
303 671
734 671
48 252
139 207
745 637
594 347
113 204
153 736
398 811
451 28
420 583
482 431
211 630
752 473
37 55
415 261
390 23
686 820
11 253
119 369
833 895
366 438
624 231
743 933
667 207
788 540
875 426
505 544
259 892
725 296
340 924
208 151
608 682
338 6
28 454
53 486
93 786
736 276
344 244
406 246
67 742
426 15
710 921
313 775
61 326
142 31
755 201
309 905
113 743
574 827
713 266
743 748
606 385
185 596
797 191
790 475
717 348
330 526
972 994
96 37
167 427
59 897
494 431
360 625
783 383
553 757
986 334
448 526
12 143
162 251
544 662
618 902
964 6
346 695
386 748
54 81
445 429
392 712
839 258
662 159
135 70
407 80
722 236
76 565
44 919
379 110
444 289
806 346
299 358
397 792
312 88
488 422
101 36
749 197
663 338
1 762
78 198
949 436
499 836
372 602
890 495
577 370
127 87
464 315
629 244
595 513
518 645
480 348
328 872
720 41
496 48
48 365
770 627
266 689
312 246
759 748
477 647
591 569
407 801
191 482
756 979
798 83
550 310
327 373
831 877
547 62
665 484
875 489
858 251
279 596
118 267
653 961
689 132
312 247
207 21
570 77
927 21
170 464
145 937
609 984
448 384
825 840
482 405
741 346
238 885
91 535
191 979
109 15
999 893
585 375
341 1
259 661
989 364
931 121
10 319
786 12
92 272
330 673
109 826
859 814
759 964
428 735
680 395
851 971
718 904
726 704
714 488
932 836
707 117
14 797
729 697
115 301
716 762
771 558
567 547
796 39
396 587
319 396
269 192
138 339
889 472
620 119
747 949
120 946
191 241
268 664
82 560
618 270
749 781
486 340
164 209
749 294
271 383
917 496
223 757
773 872
17 930
158 700
512 616
185 663
589 990
942 852
169 810
631 312
417 971
83 918
343 975
773 601
530 87
629 803
670 61
449 184
316 627
659 378
566 661
394 418
926 66
880 138
516 651
320 14
201 645
499 578
733 412
509 777
262 985
429 172
857 727
147 356
591 299
592 126
239 750
304 710
80 251
863 487
392 836
784 794
456 214
175 477
360 953
45 747
173 37
13 209
887 971
205 519
962 777
870 136
446 54
214 742
258 24
161 153
940 105
615 245
465 487
691 361
819 352
561 439
91 611
550 641
468 578
543 562
675 228
880 648
891 753
627 552
127 995
625 413
64 597
959 404
398 245
970 869
71 739
151 928
216 630
633 508
631 166
695 214
452 458
379 62
283 471
415 153
506 696
610 555
938 198
169 816
933 869
902 475
449 282
299 929
848 963
247 782
630 994
348 579
603 550
290 650
858 949
521 126
198 104
312 318
385 219
612 31
901 953
755 786
212 239
838 581
317 693
827 311
95 728
787 419
720 156
248 775
587 618
272 360
131 392
881 662
755 136
487 466
325 489
455 522
702 473
646 859
834 230
404 825
779 112
588 960
785 554
165 741
990 467
618 700
672 676
778 525
409 441
83 569
127 758
446 462
924 642
912 737
656 607
985 54
621 429
448 145
71 177
58 893
909 330
295 409
32 504
778 984
469 298
636 497
544 957
872 976
611 570
700 815
285 311
160 392
260 477
510 422
218 937
936 725
805 826
549 742
983 840
781 537
189 376
898 316
306 217
201 46
144 803
705 661
998 700
781 658
209 256
912 359
883 916
774 158
282 322
948 27
566 862
124 72
220 902
965 662
658 862
562 992
177 416
716 397
818 914
909 733
347 847
971 979
563 189
461 324
432 68
436 283
912 522
351 502
391 493
242 856
716 893
832 692
138 791
921 394
110 20
315 618
635 665
520 361
402 888
40 862
604 502
133 168
424 427
332 73
773 939
646 25
320 744
0 241
720 117
491 828
496 613
5 87
476 692
500 895
358 448
80 463
754 95
899 646
469 420
20 280
838 826
29 532
320 763
8 122
327 894
20 802
933 885
130 952
110 360
781 285
877 597
115 321
647 458
178 325
81 291
776 648
341 423
38 847
456 259
262 849
105 160
537 203
770 525
697 341
84 760
516 928
719 836
607 469
510 747
325 959
501 253
307 196
620 386
55 908
341 948
387 612
212 484
101 980
617 839
292 965
588 388
116 152
879 895
192 925
897 514
54 612
557 181
916 529
254 239
730 889
22 579
423 422
456 686
658 996
968 30
299 584
910 306
871 982
357 215
401 100
441 167
503 810
588 603
901 402
928 690
690 761
647 663
636 619
551 769
759 936
492 70
212 826
447 111
642 833
206 952
792 383
638 354
257 573
124 431
684 264
307 575
671 839
543 829
496 978
427 523
353 743
214 487
509 319
213 862
840 877
557 303
331 785
837 581
938 152
152 0
290 123
618 579
814 853
548 443
99 732
892 787
341 788
77 861
933 560
317 986
668 37
538 588
284 811
142 352
481 5
285 151
150 499
216 145
665 882
293 682
252 237
104 384
737 670
617 791
872 439
511 429
929 463
888 21
592 628
328 177
486 623
769 512
474 74
661 822
59 221
291 968
673 564
52 599
204 842
244 241
880 915
540 209
973 640
793 122
324 684
890 716
968 872
907 869
482 749
595 510
552 127
192 550
754 763
893 36
461 254
471 145
299 714
678 279
576 759
650 175
610 748
481 599
146 342
609 939
416 942
843 522
768 730
838 82
648 483
483 920
282 981
835 973
369 206
595 469
851 191
289 261
301 511
730 409
943 396
238 86
58 99
58 652
850 341
222 366
369 673
66 78
163 439
691 256
961 704
40 983
627 194
679 801
143 688
326 242
131 736
838 21
118 517
650 760
144 639
202 445
251 734
445 301
885 467
246 945
565 619
193 212
60 469
884 914
439 700
363 615
378 851
562 823
461 870
977 135
989 854
205 623
894 27
271 215
515 827
760 854
736 309
915 744
988 233
339 42
593 623
844 235
270 920
240 694
90 530
547 500
164 615
137 668
153 182
682 988
42 290
701 990
403 959
462 80
181 505
383 701
205 417
639 135
405 356
40 191
717 529
69 961
477 173
993 120
303 827
973 807
798 957
249 514
238 163
659 9
692 744
735 400
515 300
923 484
977 893
584 359
76 934
747 553
350 291
42 455
488 570
540 930
741 933
383 235
863 973
41 500
449 70
534 921
486 524
967 149
526 790
714 489
484 188
786 41
854 766
419 764
334 646
205 143
777 743
156 570
159 282
426 882
289 896
128 354
822 751
205 573
283 345
154 616
438 46
489 287
687 357
432 446
918 311
983 254
978 968
160 115
739 609
735 821
341 147
757 353
945 129
935 290
904 692
376 695
316 219
565 193
840 369
795 829
229 667
675 518
147 834
998 390
170 736
204 466
463 959
306 396
102 434
593 337
91 314
365 8
604 443
468 921
972 533
847 477
374 621
179 794
525 847
295 984
906 126
31 978
348 398
270 252
852 773
654 144
513 649
705 368
870 951
474 142
873 713
561 618
973 552
122 542
933 332
733 59
8 716
905 778
792 392
2 824
41 544
287 888
284 51
591 49
682 137
380 301
49 745
74 874
850 422
43 43
673 199
240 128
38 26
453 163
593 319
508 494
732 606
709 402
634 485
459 271
246 735
508 139
853 620
372 947
71 731
322 558
697 919
200 522
727 506
810 575
214 84
141 985
866 798
875 51
724 451
647 660
486 389
559 803
705 667
291 245
17 395
682 273
890 506
724 370
487 697
661 477
625 857
381 427
826 131
742 242
202 973
728 147
472 265
114 985
912 540
393 957
72 193
446 787
333 579
671 615
116 704
319 470
81 192
63 251
899 82
265 602
820 6
669 22
791 35
845 208
223 280
838 975
970 837
738 354
902 134
823 408
810 359
903 261
172 750
905 242
500 239
929 328
490 900
340 260
287 455
559 39
727 640
740 655
747 930
734 295
262 569
493 152
605 212
239 282
215 261
723 59
453 813
872 343
162 62
517 575
809 86
985 220
584 988
47 103
670 601
405 215
18 896
178 834
176 970
871 333
506 183
437 984
584 824
23 587
428 508
552 880
582 567
815 559
937 746
108 975
238 336
152 66
233 705
54 803
801 0
390 554
880 607
198 996
12 448
707 762
123 655
612 742
163 689
65 457
478 895
668 31
710 397
514 177
158 376
918 130
444 450
309 205
981 852
827 807
48 395
221 308
834 513
714 305
825 939
690 696
732 976
81 544
431 278
687 993
851 490
8 479
68 971
712 417
426 163
542 709
501 148
710 549
903 646
516 638
47 337
157 80
358 304
371 686
911 893
419 605
911 22
440 817
143 245
52 357
219 259
324 232
645 398
97 780
304 614
167 508
769 780
985 591
364 103
255 989
127 537
585 458
633 696
408 17
218 550
701 405
596 498
525 15
93 724
673 445
629 758
872 999
171 139
807 959
55 256
879 376
706 694
16 370
443 770
84 35
413 765
531 336
476 410
115 897
148 996
374 233
162 798
730 276
58 444
361 430
884 702
333 192
189 403
981 459
215 427
445 987
828 389
430 611
147 548
644 869
401 385
951 449
534 811
894 478
146 223
550 678
386 302
679 744
573 841
283 470
527 111
393 455
311 937
240 504
215 785
483 319
810 422
247 316
330 39
646 285
830 458
553 604
308 386
619 660
528 164
463 904
261 402
995 994
122 169
936 57
560 883
985 840
288 461
404 927
694 312
486 665
564 361
560 80
183 368
67 80
958 593
515 32
393 155
724 574
265 731
737 535
986 554
137 301
791 187
24 574
574 456
643 738
835 106
12 294
860 511
312 447
725 559
92 644
789 32
637 867
93 939
633 748
621 954
25 340
414 556
707 921
553 402
332 686
113 876
449 506
684 219
72 227
676 221
957 70
957 720
302 304
292 621
859 136
246 496
579 809
507 736
594 168
326 462
679 474
750 163
961 313
32 294
447 380
813 423
842 758
56 433
414 500
509 274
590 518
68 837
391 377
553 998
80 287
994 15
140 224
229 381
470 143
131 480
106 670
244 316
712 532
841 586
565 345
66 382
601 852
619 742
289 836
322 630
204 802
660 405
102 261
611 753
66 41
332 417
480 79
348 576
234 361
222 483
339 782
172 596
150 370
78 112
271 782
158 496
696 689
153 550
879 868
765 5
883 504
43 593
71 560
950 675
524 259
476 401
108 774
339 583
287 96
642 397
321 95
126 640
645 64
574 870
262 810
760 22
504 751
451 356
998 94
280 398
289 458
168 775
31 38
553 86
268 593
779 806
359 917
195 703
716 4
889 830
415 661
882 565
852 958
185 86
83 40
25 794
873 870
187 945
638 642
344 834
461 295
8 410
845 544
198 344
177 133
724 399
390 63
989 701
350 530
770 34
985 996
863 196
525 410
570 163
663 707
31 71
422 985
938 15
1 395
967 170
945 497
415 73
264 928
552 166
913 9
303 759
122 392
85 121
71 332
944 607
42 79
958 382
775 715
656 574
899 465
790 752
974 558
798 494
924 101
735 653
643 694
817 411
337 484
495 196
592 390
355 363
411 71
172 264
209 467
737 577
800 908
859 613
605 949
98 327
415 274
238 51
564 141
73 909
777 133
794 98
48 797
219 131
655 50
623 664
667 211
176 828
576 939
243 67
49 242
803 621
524 397
424 34
229 52
490 903
760 403
305 165
437 651
182 134
770 415
205 259
876 539
271 572
873 459
396 700
779 766
900 115
403 241
481 865
729 171
638 388
964 183
249 70
695 53
41 560
847 175
707 214
969 260
99 234
789 478
205 343
255 422
504 230
671 105
247 395
986 724
70 495
350 352
777 872
623 642
427 563
198 849
349 951
676 278
95 24
339 843
864 253
635 672
31 391
98 593
994 948
634 940
973 39
294 396
44 335
938 655
538 547
877 909
847 143
780 262
897 144
464 333
346 260
560 561
343 506
779 633
898 550
115 432
556 967
114 497
293 58
16 506
775 174
787 905
86 476
593 705
269 610
336 542
84 139
121 734
305 689
215 641
924 634
621 13
796 897
622 148
488 698
479 417
938 927
147 732
707 621
301 377
528 264
235 3
271 409
737 797
485 675
618 91
246 321
533 56
674 522
524 926
238 587
355 449
595 895
6 178
798 536
685 855
388 428
556 400
61 173
216 446
311 165
275 44
981 865
514 390
500 394
512 610
860 124
951 827
622 174
994 116
632 577
322 82
169 896
381 346
967 351
69 112
172 660
161 57
12 561
240 263
456 647
628 313
248 819
608 489
420 59
856 291
238 969
889 309
606 589
220 833
772 226
687 861
403 26
149 95
318 872
169 276
942 47
161 317
129 816
444 259
61 618
314 947
500 440
795 873
491 510
922 321
450 472
653 927
842 832
841 978
628 832
310 955
278 233
555 434
85 0
875 696
403 481
390 671
73 491
55 118
74 396
929 957
673 780
555 141
506 204
572 396
780 623
805 97
623 140
882 830
936 145
689 479
579 909
53 185
53 815
107 609
919 904
728 783
354 669
704 705
313 703
44 819
570 918
618 701
839 614
422 522
417 223
828 685
559 157
462 80
828 465
450 495
198 405
507 73
868 285
107 470
554 186
840 388
371 12
622 129
924 96
782 287
544 14
289 740
789 231
574 508
785 771
103 691
901 572
470 378
669 482
460 87
5 817
927 121
657 616
51 669
405 753
755 113
693 531
376 278
62 844
905 558
890 547
567 549
554 431
273 232
440 349
527 818
903 994
198 55
742 901
759 937
136 741
882 949
567 977
562 173
969 599
1 683
496 127
902 869
192 267
515 332
950 551
227 114
519 638
414 855
768 720
216 446
473 963
659 107
231 127
850 350
902 711
248 110
397 517
670 9
917 172
836 102
848 344
78 292
881 673
625 520
179 253
220 550
930 279
876 888
116 958
446 212
605 241
591 846
174 581
395 715
164 329
957 516
101 453
801 979
922 918
681 640
346 591
280 116
90 421
336 357
250 773
390 623
512 338
753 807
843 641
199 153
719 524
59 975
575 592
172 330
32 130
870 634
679 17
917 614
478 296
949 663
961 367
492 964
416 385
53 678
5 37
961 366
849 35
160 336
56 305
696 842
658 289
470 250
16 396
68 439
450 693
667 673
393 359
704 667
152 38
741 74
811 798
330 200
312 79
802 759
458 658
590 724
469 260
282 582
249 343
772 840
412 217
335 686
528 878
36 373
915 719
650 631
916 266
795 372
617 302
996 522
813 734
322 917
278 457
274 941
167 693
903 108
227 45
225 310
122 442
156 70
770 163
908 258
508 676
386 282
145 696
551 554
134 591
646 956
51 529
948 92
796 982
851 143
888 356
663 815
273 61
726 858
105 788
611 823
385 286
390 37
942 687
610 279
787 161
308 710
432 912
962 988
637 206
919 973
856 49
453 755
563 368
857 970
222 154
985 260
379 551
880 362
846 463
789 260
90 683
119 41
953 797
167 867
645 284
517 443
360 123
216 646
350 656
382 534
732 251
113 170
649 677
600 421
524 192
174 824
74 714
808 685
805 34
238 523
187 655
146 775
827 588
793 365
845 510
648 295
574 787
616 260
453 226
334 392
957 749
321 522
272 147
388 127
679 797
453 583
737 314
683 442
14 645
678 153
464 52
203 408
760 830
253 929
828 57
951 732
644 689
127 332
36 188
307 353
770 948
813 63
256 541
356 488
356 586
881 837
96 559
797 600
210 228
791 283
97 503
46 166
150 396
357 37
462 653
810 973
630 980
524 81
21 644
333 948
920 31
675 444
684 447
357 792
866 997
438 995
232 48
403 98
560 867
388 923
901 654
360 684
261 438
708 78
808 875
608 820
208 888
793 993
914 236
215 54
162 161
358 494
168 247
431 854
989 866
854 750
361 437
936 112
547 313
158 531
605 838
217 296
809 130
514 985
437 260
37 457
828 606
269 935
330 821
584 418
402 169
974 864
686 380
692 845
700 829
893 90
973 705
115 450
365 94
403 730
97 231
166 329
7 90
196 989
873 446
360 922
195 19
699 271
498 101
615 289
421 269
334 621
314 373
277 685
653 927
924 373
85 906
201 268
314 579
341 678
605 352
309 634
180 662
686 14
415 922
180 34
540 752
492 75
17 824
967 523
163 243
806 264
419 347
777 888
388 607
789 11
964 514
333 825
284 891
55 352
250 414
782 451
133 620
295 596
781 474
163 159
435 144
775 40
770 599
997 495
929 713
601 379
733 766
438 232
613 610
919 392
140 156
229 169
113 915
858 887
732 689
371 400
731 953
50 773
644 742
834 908
8 497
342 146
626 362
780 268
104 526
726 343
83 795
152 891
902 950
486 245
116 941
828 389
953 623
807 782
340 397
440 891
812 936
995 636
284 851
619 264
498 98
308 965
729 436
917 278
141 263
696 354
795 796
975 590
982 676
342 408
160 944
96 384
297 708
733 77
522 775
504 946
981 475
804 528
838 232
222 157
685 329
454 323
690 726
649 987
595 1
213 864
57 234
221 167
240 692
676 944
436 374
735 49
385 800
283 605
248 500
311 775
650 633
610 766
946 965
150 130
949 175
629 519
141 384
379 402
782 483
967 303
972 296
336 271
986 604
930 165
792 175
81 585
909 458
163 369
331 669
343 480
657 818
807 471
342 198
722 863
356 141
498 209
336 728
141 628
200 155
96 811
515 106
887 277
381 466
597 580
911 338
716 91
54 347
711 333
83 431
999 83
566 276
367 217
929 330
171 911
243 826
946 479
98 828
882 221
805 595
426 41
1 301
386 467
280 900
768 798
114 737
296 818
504 568
792 973
318 118
148 46
246 462
233 895
225 720
406 450
399 390
639 787
642 970
693 198
352 722
301 523
3 217
877 890
918 748
121 709
719 996
822 209
79 796
946 523
345 384
23 181
552 194
465 537
31 700
864 525
274 365
95 956
833 753
218 268
78 52
24 353
148 86
430 224
565 914
893 273
12 975
507 609
176 490
642 325
387 739
465 634
42 807
34 136
102 627
459 30
81 935
164 448
892 861
472 936
626 743
764 921
25 752
609 840
575 756
500 224
280 918
0 558
120 124
912 914
394 905
911 103
871 714
993 579
624 857
794 947
395 895
255 714
193 477
956 196
864 617
443 649
621 557
58 325
698 546
653 205
665 838
954 342
957 128
760 865
208 454
100 946
629 457
758 455
305 594
432 830
139 263
157 344
462 288
833 284
505 709
979 521
645 714
643 832
861 134
762 573
665 147
91 570
945 494
469 30
426 321
399 407
881 656
478 901
239 118
97 544
357 299
216 555
168 502
166 657
482 752
888 239
714 940
552 580
430 583
95 795
784 126
757 643
244 424
909 182
51 138
112 73
158 854
132 883
819 282
112 488
975 359
303 218
923 838
907 897
571 946
453 602
743 981
902 195
928 832
624 448
861 683
945 377
527 769
628 970
700 167
853 992
476 153
481 4
21 695
70 328
542 993
769 369
146 916
597 37
235 558
715 234
575 983
380 114
965 486
402 677
697 860
16 625
501 908
242 636
73 723
170 786
726 776
199 678
475 149
660 391
421 986
858 681
640 532
752 156
740 806
30 648
223 323
512 707
129 715
827 16
525 145
257 994
617 501
517 281
151 319
552 523
223 117
993 312
353 549
428 838
362 988
397 327
883 82
517 633
103 15
193 553
176 499
107 955
73 720
185 17
256 174
700 496
590 982
549 318
173 427
772 188
116 160
94 329
244 925
715 913
454 91
409 607
103 714
427 213
960 110
637 624
8 252
447 482
778 807
795 864
19 470
475 564
207 895
185 965
97 446
478 276
500 876
468 177
754 674
123 644
194 470
568 812
601 492
865 532
575 752
205 97
270 130
2 166
889 805
926 110
183 849
979 258
221 955
56 982
734 652
996 922
835 764
582 602
701 85
57 114
193 593
19 208
523 833
418 891
520 450
60 571
266 497
974 333
343 960
849 591
724 146
381 13
338 353
568 153
890 87
149 51
548 22
871 555
196 667
795 850
257 545
937 932
922 169
326 776
335 184
531 23
940 564
391 222
235 910
995 96
68 692
732 235
119 818
64 950
367 357
89 384
884 463
708 478
264 215
450 256
633 381
113 892
489 507
868 841
220 338
303 409
669 933
673 255
903 859
582 706
689 664
743 178
840 169
179 800
17 896
585 806
812 434
261 426
615 590
712 713
452 464
723 5
74 886
72 490
651 551
443 241
679 60
810 355
499 298
693 468
458 479
323 123
994 797
43 240
129 9
31 251
442 129
714 932
300 421
776 538
154 909
412 734
760 467
219 226
599 555
264 701
64 642
399 605
591 499
853 336
928 433
834 611
892 324
983 426
231 437
727 697
500 680
706 906
794 806
108 299
270 631
231 472
322 248
897 913
886 270
363 995
609 137
597 365
660 155
363 93
695 726
863 117
261 171
735 958
179 183
921 190
25 554
110 308
469 430
325 790
272 991
123 581
502 943
368 509
909 620
314 348
122 983
455 887
780 298
174 220
97 55
169 357
626 608
80 253
685 856
868 847
366 521
292 26
580 288
372 338
866 660
987 792
855 809
131 216
99 850
301 350
981 846
885 896
840 842
849 343
600 618
42 26
205 747
939 950
58 939
575 187
557 34
403 455
914 157
643 185
535 427
161 772
733 12
786 603
665 139
786 866
476 195
434 911
221 785
317 546
82 80
170 142
262 910
195 850
288 755
140 673
237 769
977 285
216 323
977 402
2 83
940 8
168 640
567 641
935 727
80 708
668 466
128 104
507 89
550 130
73 486
128 151
571 367
378 30
544 719
889 577
216 875
811 933
397 794
682 49
113 225
736 919
749 477
577 865
863 652
643 612
510 436
262 746
100 652
438 499
952 196
810 806
214 189
534 932
436 608
378 371
387 967
410 307
864 136
836 364
772 650
534 213
826 435
883 577
701 741
544 206
619 887
38 262
569 510
158 848
569 55
116 378
141 28
706 637
747 565
707 630
972 471
608 203
249 510
325 670
100 978
850 724
878 65
881 921
374 716
360 743
680 786
86 267
673 26
519 175
999 465
367 680
166 990
439 262
330 588
273 892
870 574
628 715
709 234
361 809
648 66
661 439
272 91
99 874
470 144
617 422
408 154
329 316
806 285
625 153
428 25
422 867
72 142
731 627
846 258
799 969
378 448
227 153
428 755
200 531
925 391
153 56
775 276
256 39
220 427
72 102
441 483
964 942
953 773
752 307
515 368
444 448
682 779
644 560
869 541
492 543
313 578
77 299
94 795
915 17
680 705
675 501
799 52
345 113
371 506
488 94
577 577
552 642
674 803
328 618
698 598
529 848
201 559
589 100
254 994
88 136
264 886
865 109
699 318
221 919
952 10
242 925
780 125
468 784
666 406
718 861
497 361
699 533
436 562
274 427
554 626
582 207
798 182
802 131
844 318
884 529
54 224
751 479
890 791
223 970
914 979
805 672
460 188
11 720
282 91
542 156
663 678
509 112
477 985
621 123
409 564
49 942
883 755
86 803
486 866
494 443
291 909
400 809
371 216
899 318
861 830
264 838
302 485
667 680
802 263
229 261
503 188
654 716
198 188
520 64
764 4
448 220
488 980
277 428
30 840
111 980
801 454
380 501
944 57
449 733
308 308
913 922
837 602
276 843
125 918
331 150
566 198
306 391
501 206
818 997
488 147
215 296
866 325
998 754
504 410
161 84
93 904
542 235
405 988
890 345
547 446
856 852
97 888
283 909
177 324
174 723
486 25
536 501
514 604
880 734
563 871
419 601
49 295
217 734
253 696
363 507
863 782
869 589
211 420
518 542
758 376
627 410
69 873
896 6
520 634
19 612
549 130
822 59
683 528
741 31
460 398
527 659
545 874
864 48
770 145
166 372
522 397
807 272
21 879
848 321
431 295
410 528
555 411
873 386
468 722
692 106
470 155
530 147
799 618
459 334
880 48
760 614
443 577
765 578
604 824
886 51
366 57
905 552
27 210
896 191
645 199
875 311
228 915
15 479
280 739
434 625
467 5
571 901
438 397
835 123
351 625
126 162
919 998
925 292
969 936
294 482
150 894
895 796
246 819
418 201
407 780
447 305
576 17
942 941
13 501
251 512
535 332
201 752
479 446
222 226
586 819
107 431
360 155
215 694
739 961
58 160
577 184
664 779
271 674
457 839
808 508
845 830
313 252
795 845
805 463
548 147
399 145
984 885
143 914
332 30
785 851
286 567
84 261
806 236
736 66
467 698
314 165
244 175
667 348
616 591
547 200
599 57
315 904
298 567
220 872
632 444
341 963
377 260
661 184
503 526
190 653
137 983
748 749
838 806
562 437
358 116
977 882
352 556
784 951
902 177
396 986
802 772
53 648
835 862
946 305
941 539
918 34
314 622
632 258
123 148
269 658
254 766
427 204
212 480
468 756
684 379
662 345
796 880
343 870
567 644
917 467
387 644
975 871
279 524
556 679
960 386
719 865
381 749
820 634
427 263
214 226
594 762
704 189
2 906
442 488
406 904
335 166
979 639
88 571
184 390
761 37
499 634
834 584
512 68
746 172
879 96
290 411
661 429
86 610
213 901
600 64
523 684
221 705
55 241
975 736
369 34
11 355
682 656
337 263
353 779
18 924
460 867
552 658
479 852
168 871
875 535
638 616
342 914
63 445
362 994
15 913
155 1
71 153
83 490
385 904
601 827
236 305
955 360
486 676
54 668
821 404
537 618
807 625
647 1
488 525
281 50
56 856
996 351
367 688
752 681
324 228
997 607
94 784
754 152
82 956
870 378
921 258
148 267
335 784
386 186
7 773
751 703
61 485
178 949
767 264
333 611
263 954
182 652
930 15
348 133
18 876
400 907
752 682
671 113
848 440
898 488
534 154
653 486
505 394
183 969
942 769
341 598
537 158
593 117
468 518
752 382
202 271
518 735
523 208
238 286
382 554
766 530
873 956
576 48
898 247
758 378
934 753
495 194
302 507
144 714
814 804
364 440
917 105
164 430
483 581
293 271
140 343
422 736
597 819
202 472
471 418
752 821
506 155
310 222
748 891
43 948
287 642
40 617
971 128
356 542
159 37
586 400
472 368
582 716
564 441
586 928
421 523
217 952
469 778
967 20
521 146
961 196
882 391
726 184
265 760
87 239
385 685
944 627
234 646
693 709
331 336
323 227
349 396
9 209
912 664
987 818
760 674
657 907
905 781
490 149
49 907
646 635
938 242
746 231
923 491
865 102
3 32
884 332
189 472
26 128
505 411
382 189
375 310
871 515
591 353
680 312
319 35
406 696
999 633
856 235
330 337
335 343
524 206
866 182
304 891
397 861
422 916
920 809
818 566
726 65
419 162
566 721
785 439
519 596
332 602
980 4
638 331
652 413
844 509
206 142
34 106
98 146
862 509
700 653
253 290
722 70
403 767
889 998
596 256
957 698
775 540
457 985
312 65
959 583
908 9
417 303
489 162
534 446
362 223
317 640
651 969
544 878
117 434
840 337
496 921
58 498
601 290
935 379
37 48
514 476
596 839
105 254
951 64
496 913
767 622
139 91
77 263
946 395
385 572
926 227
791 912
965 720
649 809
457 538
652 239
154 469
514 977
291 819
140 773
144 71
303 528
133 698
128 922
927 231
291 740
818 72
162 936
595 444
79 972
640 199
690 962
487 124
245 996
257 946
0 570
756 912
492 686
385 181
837 327
667 340
116 711
861 864
269 114
475 720
244 765
501 603
529 847
957 605
241 729
87 61
955 708
203 6
600 815
828 477
644 410
736 129
211 786
175 619
859 292
852 747
925 879
120 94
35 984
45 389
595 114
970 346
23 348
918 872
781 785
377 494
284 210
568 543
294 296
493 489
58 239
613 448
367 151
543 810
800 220
278 413
8 810
207 41
598 385
16 0
552 532
225 393
589 470
134 325
308 582
777 474
857 950
324 550
296 450
357 656
841 149
139 563
622 822
947 633
569 686
924 755
445 250
20 757
602 975
284 291
22 142
832 564
256 516
342 891
491 906
421 642
321 703
468 989
331 526
936 255
399 879
946 363
164 677
451 245
917 449
730 803
126 618
70 535
697 994
535 300
52 560
764 209
53 11
891 47
604 413
48 591
532 305
111 19
115 261
349 491
725 427
264 244
290 455
372 535
1 805
315 752
990 665
208 24
246 845
89 938
976 244
109 842
735 595
872 486
885 229
71 359
191 365
702 847
116 130
195 554
850 804
182 15
127 668
111 18
381 693
202 673
310 646
978 622
579 688
648 128
762 793
14 693
501 650
519 566
274 707
638 991
758 523
188 669
425 394
581 510
313 114
2 189
687 196
40 678
849 343
733 677
383 910
269 300
143 998
909 589
202 451
286 795
906 878
846 718
149 673
552 455
728 734
885 749
379 623
392 926
476 502
557 52
845 381
722 611
391 686
278 704
341 104
217 962
653 131
507 212
491 582
989 204
959 432
230 982
854 137
79 707
194 295
58 292
285 501
345 232
521 319
249 845
392 778
343 394
293 115
568 616
832 156
152 960
746 870
876 625
392 316
290 292
10 845
947 803
406 740
936 681
445 4
433 883
949 234
71 400
483 111
318 167
72 246
200 914
335 443
489 334
370 359
390 456
623 998
128 156
114 348
311 205
31 951
167 693
638 592
363 713
51 747
195 654
823 404
435 384
993 188
59 263
199 36
921 583
726 7
353 604
278 455
740 834
758 92
951 335
432 486
358 797
450 189
138 737
748 360
945 307
800 800
606 392
250 365
690 968
229 475
548 675
634 636
440 944
488 116
698 259
205 537
453 641
389 161
80 853
829 589
384 823
772 829
344 190
517 798
567 258
38 896
684 630
185 621
464 895
434 98
411 356
284 859
546 931
931 169
518 610
94 343
584 138
143 355
290 444
972 560
672 930
935 914
525 134
968 555
619 691
971 891
323 989
388 215
259 941
595 898
606 82
402 998
156 13
941 282
980 941
583 205
579 610
65 852
730 707
982 271
434 793
381 974
556 306
564 23
929 274
913 75
136 127
937 267
796 696
390 192
467 470
813 275
295 335
957 321
984 879
58 707
535 461
871 401
338 629
270 234
520 971
53 308
718 520
453 198
0 700
252 659
498 563
499 867
276 643
806 425
207 133
664 453
359 753
131 503
276 970
40 701
626 649
564 955
860 660
732 844
720 964
371 764
231 139
415 800
467 988
812 769
528 51
671 784
771 502
950 866
853 452
197 595
155 131
461 410
390 304
716 985
374 166
911 87
746 578
608 522
766 686
893 996
164 249
965 723
466 649
979 115
79 539
554 178
869 417
674 53
153 646
351 334
727 716
18 362
469 196
621 554
652 937
385 361
141 848
351 55
912 633
686 834
237 228
692 999
159 574
529 888
63 285
49 167
39 996
654 243
514 429
746 385
13 753
841 112
226 129
453 210
634 840
830 808
563 457
399 297
347 879
451 411
573 851
600 952
84 480
307 998
369 674
415 610
662 464
207 880
506 568
745 353
436 536
749 84
588 404
949 207
885 614
880 705
187 462
306 3
67 597
826 93
673 268
64 153
878 397
504 13
82 620
292 991
363 853
774 294
176 959
54 870
85 994
438 238
373 375
654 569
926 118
567 638
988 237
80 490
974 874
738 300
277 3
557 56
521 58
350 238
411 802
220 743
427 16
258 616
850 519
208 430
866 112
820 721
6 885
996 380
48 867
283 792
399 899
253 945
895 967
96 221
53 425
192 967
487 506
211 463
203 678
622 480
526 496
627 0
832 7
156 575
433 671
755 841
415 586
968 516
881 224
233 198
235 700
106 989
232 960
297 98
749 973
578 946
567 54
874 82
303 801
656 827
122 217
585 806
980 148
878 31
780 519
1 832
235 294
713 90
526 456
428 743
494 261
778 611
281 301
616 182
588 908
464 118
585 1
934 57
788 373
780 872
748 234
440 23
985 556
191 766
356 671
895 833
4 827
635 148
966 856
610 305
930 19
302 447
775 804
283 943
520 688
511 517
329 36
979 196
80 647
440 49
767 828
623 860
986 748
182 370
36 503
386 475
175 890
217 220
