5000 10000
4290 5866
6733 3499
8041 8955
6711 4055
1067 1224
6327 7618
5765 748
8660 9962
510 847
45 4794
6872 52
8548 9581
1685 1954
4185 2742
3731 8277
2330 4731
5025 7619
7684 5552
2681 2090
5291 9525
8712 8299
8457 5977
8082 9679
1782 6410
482 6429
1904 4760
5527 2023
6242 9575
574 4089
9294 5160
4261 8738
5763 6900
2647 7756
5269 7440
9218 7730
1635 2230
5484 482
4275 8263
8050 4414
5595 6891
3409 2567
1509 7798
4732 6589
9267 3357
4598 8151
6422 8256
6571 1691
5900 3457
3225 7958
9837 530
8388 7885
146 4866
1151 5126
4553 7539
975 4059
9189 1640
276 6434
9535 9280
4147 6208
2409 2251
82 1406
4409 6698
1255 1479
5173 8243
7493 5093
1569 7656
194 1343
1978 4076
3153 1750
8629 8158
3333 3637
3792 98
8500 5153
2869 9640
6876 562
2397 1906
8536 669
4896 6601
1591 7573
4751 9765
5495 7482
5420 6224
2693 4494
5688 387
9639 4753
5505 9970
7125 9136
3041 7360
9803 3706
4743 381
7675 6726
3538 4701
4173 3074
6660 4632
156 4171
8287 974
9987 6949
5780 870
8477 5188
3966 7048
8267 4405
1216 2733
2907 8340
5411 7935
8296 3755
883 547
1427 9250
8640 6893
117 1525
1965 3827
4326 8967
4923 745
1972 437
8601 495
4662 4698
1084 130
3750 8947
5481 8723
3896 4950
1553 8081
934 97
9393 7608
5162 1871
9715 4552
4923 9468
12 9634
4339 9960
8105 2225
2416 2497
9719 4511
5319 6408
5667 9724
4483 9882
2417 9345
2938 6521
6359 3230
9763 2286
1477 8985
4299 3520
3595 2409
71 498
7865 3930
834 8635
2274 4745
4995 5137
8252 7096
2594 6177
9117 5519
2745 6673
6593 9104
1410 858
7338 3380
9719 7014
6393 1737
9138 2498
6711 6169
535 1489
9260 5290
8603 1034
1517 2595
2852 4051
3396 521
8147 5102
1968 9873
8615 7836
6116 5569
853 7419
50 5945
8235 9385
8535 3365
4067 7272
5359 6330
9733 1948
8529 6644
8275 7714
9926 9638
6249 6684
2423 9808
3247 9868
1420 2052
9386 2811
2841 6597
2465 1283
3222 136
8716 9194
2400 5104
3437 8132
5326 6384
1328 320
4230 9896
5074 7215
5165 4624
627 9494
3726 7936
6917 8057
2365 8528
2796 9540
842 7408
4144 3715
9797 8597
308 7888
8283 7121
1308 9903
5595 9157
6856 304
8791 1568
8595 8253
7357 6494
161 45
4573 594
4832 866
4258 8390
5083 765
6428 2075
2315 3942
2160 5018
1508 8586
5181 5230
3950 6378
4882 59
4168 9590
2753 5636
676 8
7491 8814
6835 4575
9932 4028
9460 4644
5259 3858
9185 7970
3403 3028
5890 8805
2107 1192
9772 1578
4647 600
1973 3413
3974 3424
1563 8486
1925 8275
1100 1633
8593 983
4418 5845
1539 562
638 5350
7900 4984
8876 2969
4117 377
6876 7570
190 9536
329 8064
10 7288
336 9247
1064 2619
3844 2941
2891 1473
9434 6833
698 369
2714 6991
542 2772
7775 9538
8233 1350
9986 2249
3740 6480
3684 8399
6875 8207
6728 5912
7806 633
5865 4951
6126 6215
7606 2054
2437 849
2633 5673
6861 9720
4915 3350
819 8836
473 8227
4492 3006
9972 618
5138 5171
9693 4777
4659 6535
1607 2877
5801 5892
8846 6313
1992 188
5257 835
1870 5242
3065 6847
756 2703
3129 510
1237 1502
2943 3732
6735 5321
6085 4776
3218 9419
5578 949
1240 2790
8155 2570
6234 7166
4706 7951
8048 9926
8981 657
277 6705
9910 3897
2235 3114
3917 5353
7036 717
4517 9342
466 2420
5691 6773
4361 9398
7649 8503
4591 6961
9401 4714
7186 3925
2319 8772
646 1779
4810 6205
7203 9375
1836 791
3329 8586
9172 7673
3595 6637
4978 802
9984 8979
9783 9572
3811 5918
7477 5122
8021 6463
4558 5437
14 4712
7249 397
6072 2005
2958 7428
294 221
7386 4442
655 3110
4766 8384
6486 4584
5632 1807
4726 5234
4308 3654
9002 7245
7962 5707
7996 7158
9830 2966
9770 9885
274 7021
7816 6366
474 9304
6071 9720
5762 6012
824 9890
3830 6003
9238 367
5646 7422
6233 6489
6287 6268
1604 3396
3147 8208
9053 3025
7063 9630
1758 3042
157 2543
1384 9938
4181 9885
4011 9228
3815 6004
8489 1085
6420 8304
2085 5731
3317 9797
2129 7693
8538 9239
7677 5315
8526 2855
1875 4839
4473 9278
8360 8117
7466 4474
2946 8620
9827 7670
5089 401
497 9437
8906 9940
3976 7375
9635 485
8375 7054
7127 8635
6838 38
1086 952
7121 6750
7711 8245
7315 6073
5406 2373
3637 1846
2411 2196
4634 1679
146 6488
1364 9459
7337 175
8100 7942
1503 1812
7234 6963
4871 8337
6211 6280
9776 6825
3952 2444
4062 9928
177 28
3038 9995
6527 5104
1649 9478
7247 7905
8852 6764
4169 5861
3044 3759
9064 7631
6452 8895
8561 2657
968 2274
1669 5991
2 4766
1418 4750
6563 7052
1042 3406
4637 8402
4462 2755
38 511
6701 7985
3596 3012
3519 1441
2448 8253
1635 7285
557 4657
861 7862
1162 8234
6994 6961
2125 6124
6407 7668
6224 2244
8917 3073
3807 4262
4420 5640
8501 572
333 4510
8840 7204
4854 9990
2269 3513
7947 674
5258 3819
7681 69
6847 7499
8691 9385
4757 3333
8571 2674
7884 475
4450 9625
123 585
307 693
1365 5024
4306 7155
7014 5421
812 1071
7421 6204
7118 6424
3691 8744
8402 4047
4653 1991
4129 5273
5519 3005
705 5286
6867 1526
963 9228
6756 8937
5121 4108
4821 37
7262 447
5645 1557
4466 7364
7221 2838
9059 2685
536 4511
5483 4323
6289 6272
5609 9534
579 5523
6734 9268
6532 2639
2014 7287
9187 7247
7290 3388
2531 1611
187 2565
7677 7858
4353 6992
5181 3709
3003 1152
7298 7679
2315 1529
7624 4286
2276 175
3476 4844
9287 5804
535 661
9517 6825
2440 453
5285 9544
8478 2556
7078 6742
2438 8338
2883 4929
5947 5839
787 5591
4661 1013
7913 2639
4393 2220
8148 6244
894 110
6323 4066
1937 8807
2022 6332
8411 9468
6572 9131
767 89
9270 3998
4046 1099
9534 7592
8147 6425
962 9990
4816 3931
1904 4818
1284 1931
3651 8012
8968 3089
5560 7101
5433 4143
4176 2747
7013 3612
1468 947
7265 2635
8548 4149
8796 7184
9490 5683
8618 7195
3506 2810
9184 8134
5814 6769
8373 5500
6606 3922
218 6968
4853 3862
8473 8450
4945 5282
7441 6894
6136 1905
994 2018
6648 1878
6648 516
585 7149
7216 8847
5507 2078
5397 9601
2671 7660
4978 3554
2306 8216
2237 8157
3293 6781
3495 2897
7752 815
1049 124
8437 4066
2914 5985
4301 958
403 7790
5418 3564
5517 5861
8457 6842
3053 5561
1968 4708
5537 9385
9367 1718
5013 3221
1477 9553
7642 966
7960 7996
4345 531
7721 4595
6407 3453
801 6325
2234 7218
917 9252
8323 2345
8697 7964
2885 2300
2957 9237
7652 8243
1811 8878
4512 7687
2942 510
1091 1190
2004 6601
6691 9056
5259 729
5310 4791
2626 8703
8530 1033
2039 7009
2743 8054
504 1404
1013 2363
1262 6423
5624 8760
2954 8131
3901 5012
7410 7402
3365 185
2456 1307
7351 2639
3926 8621
8619 5281
2914 3820
5433 998
2985 3627
4999 7649
3875 8891
2809 5240
8824 3036
909 9331
3398 838
5887 87
9153 6328
7017 3055
2525 6016
7305 1745
5101 5799
5169 2050
1691 5401
5433 4001
1531 5277
5693 1683
6640 2291
6611 2538
4252 8509
6568 5653
1598 5698
4158 9927
1652 269
7872 2427
1142 80
5718 587
4196 3216
1764 3447
7563 930
7355 7577
1162 7886
5686 2718
6379 4048
3852 5692
9715 8663
2360 818
8834 7350
3108 9573
7898 4611
118 1671
1428 8272
318 7363
4289 2293
2152 9084
5527 2806
532 5161
149 6912
5502 2962
5120 883
5501 2318
4833 1297
9885 2292
8874 1305
2715 5077
8967 6124
9743 8609
2710 1461
2477 4001
817 3591
7179 9808
6056 4060
5125 616
3202 6138
5484 4429
819 3101
3902 9608
8468 6457
5019 2283
6556 9760
7098 4240
7163 452
3519 1574
4916 9232
3234 1886
8465 3830
7902 4373
9270 746
538 4760
4909 2799
7544 8266
5311 7407
7562 5104
6128 5383
3011 4554
4578 7854
8781 651
2775 7502
817 2099
6100 9534
1947 7840
7046 5734
4765 1991
5575 7077
9129 3202
5527 4870
214 7585
9793 739
3382 1334
1414 6190
3034 1240
6437 5268
7675 3679
5408 1597
6666 6942
2191 3277
8164 9158
4585 5114
4370 1483
4935 1855
106 9417
2876 6236
8995 2330
178 5150
7809 1162
1373 7996
818 3793
3118 2155
442 5915
3600 8439
5068 6916
1138 1343
399 9534
2610 1073
2217 1476
9784 1580
5142 4215
8041 9009
9535 373
1338 7622
2684 1797
4586 3369
6067 525
287 6726
7836 1687
9852 8129
2763 8605
2240 4291
3225 4900
472 8392
3426 7749
6815 3822
4979 1871
9750 549
3769 7460
9522 6741
1519 7444
8519 5509
2524 4826
3192 1081
4796 6273
3397 1912
4784 7474
4062 6073
2292 7994
7816 7694
9487 3387
5162 1532
8585 1372
5518 1055
7799 8717
6095 1247
9241 7743
1643 4786
8201 5195
9956 2874
4525 2545
3326 6837
750 3694
536 7018
2471 5443
9109 5854
1229 5956
4882 3634
6787 9126
1686 7821
7020 9872
4227 4182
4949 4046
5734 4854
4167 7518
6038 6375
1908 5659
9875 4236
2298 7125
298 318
7955 6560
150 1378
7387 5852
5948 1369
9308 6542
2999 5823
3023 7211
6876 8144
6042 3014
2256 8236
1951 8188
5298 2430
9655 9136
9680 8377
7264 2583
665 9958
7663 6802
5687 3266
2500 1958
8690 1628
7767 5583
5591 2733
231 8030
330 6455
811 176
5021 1726
6571 9656
4336 161
5239 6217
724 8794
5425 4538
7779 2791
2052 8438
6936 7867
2279 9360
9517 670
4893 6302
4359 1302
1420 3364
2466 1815
4554 3140
5486 492
2120 9175
1696 6397
5403 2354
8940 3713
5073 8336
7136 2062
7360 6548
7172 8395
7876 5500
4807 274
3976 7811
9492 345
8045 3883
3871 6929
58 6447
5697 1009
6339 6222
258 7188
2815 6082
7042 2025
548 1582
1133 9835
3328 8146
5097 3559
7983 222
3410 9883
9327 9494
5521 764
3755 532
7968 6565
9127 958
3366 2167
4508 4888
6350 9385
7744 865
7940 6386
4098 1637
5694 3927
3491 9463
4297 5907
3258 4105
377 8822
198 9802
6338 5903
1723 1964
9932 6700
6515 6168
2523 6187
5346 487
7274 1796
582 1932
4156 5663
9143 9325
8764 7877
392 1238
543 2661
8677 7489
5488 9972
5499 6012
5239 8512
6354 6967
3650 4870
4264 2849
8697 1436
6281 8087
501 161
2164 3919
5826 8183
510 7101
3745 5598
1353 3656
4895 3894
848 8968
4858 6004
2947 2337
6154 1701
2398 5342
3209 2945
9312 5179
890 1890
9104 2370
4589 6267
1774 183
5714 6493
8012 3934
9227 1267
9208 4852
1475 5453
2494 2182
6727 7666
576 9807
2924 4205
7325 1520
9940 7346
9556 2309
8250 6201
1778 203
9850 5963
7024 2845
4257 7781
7170 4644
2374 1929
5486 8755
6473 9027
5654 4111
4888 7800
8287 7372
2473 6888
262 4597
3057 272
7623 4958
7406 5052
6793 515
1601 6857
772 2513
4310 1330
2941 8853
8492 1715
6508 8320
7208 2547
4733 713
8826 9144
7723 4038
2707 3843
7219 3076
3971 9908
6329 6415
7440 4992
9650 4181
7813 8150
675 1141
5749 2067
8239 3030
3044 3653
9761 9270
9417 8210
3487 6802
9469 5284
8020 3414
2555 3876
4806 5181
457 1276
2201 2465
2345 9495
1927 2177
5159 69
4696 1981
5022 3500
3047 2126
6537 5098
1364 8344
482 6518
3674 7326
8589 3765
2726 7621
2707 1478
3370 9776
4205 9591
1688 1866
2216 4642
4600 8481
2839 2771
7505 7874
4757 5681
57 4674
6216 3592
3761 4523
4174 4130
7598 8571
967 6295
4228 3593
5430 5063
5797 4484
6733 4258
9678 9803
474 9652
5988 802
249 5215
2712 2130
9753 6074
2946 1684
3748 823
8655 7734
7612 1223
3252 321
8548 1878
8446 2733
7903 342
9791 3264
7199 862
1937 6872
256 8111
8516 5391
9411 5865
6796 6118
8196 3376
7683 9699
6732 3876
1112 6222
6671 2401
6673 8292
5584 9140
4343 1639
998 3795
1004 3814
8580 3788
1833 2016
7367 2196
5864 3719
4600 7032
1866 1740
9700 2778
613 1907
1878 5596
3521 88
6987 9811
592 1978
4502 8749
2033 3815
1282 2224
9267 6434
6139 8375
4899 890
474 9338
5039 2329
7798 5795
238 379
9111 2417
2021 4326
5911 3373
5169 6199
9333 7012
5547 6346
1334 7439
8576 2187
5748 3870
1595 1608
5914 5999
1517 4170
3007 8747
6156 572
7546 5491
9732 5111
7317 3265
3699 6965
8143 1648
3082 4176
8750 177
9146 8281
2035 2901
2825 956
9728 8807
7797 9091
5932 3463
5099 7956
2380 7447
6995 21
9567 5390
6704 889
5752 7255
5775 9344
321 1973
2394 9012
9493 9523
5721 1424
5993 571
8254 9084
4809 4419
4127 7990
4190 4579
5408 4106
2310 4502
2104 2791
526 3610
8702 9257
87 11
7443 6733
2473 1903
5001 795
9046 5840
9123 7440
9710 4697
9998 7495
4104 7676
2789 3896
9203 9404
2686 5008
6344 4058
9889 4301
9871 2289
9886 3939
1846 5523
2580 93
9940 7928
1912 1117
7310 742
4571 8244
5549 1327
2631 4710
9685 4898
7 9780
8606 402
3041 545
3525 1890
210 5317
8165 9746
3143 4401
5851 1525
2849 8969
4777 6600
6614 2489
5714 1451
6716 6542
6211 6789
7802 947
5695 93
7625 7201
4024 5727
9330 4328
3604 5164
2960 5619
7048 7365
1893 2991
8441 5321
5049 5982
53 8407
1728 6709
6701 9361
8503 6611
1284 8420
4014 4496
8740 5884
5379 4700
8161 9974
729 3196
5012 4531
2320 110
37 6636
2748 9711
6966 6924
7785 756
3828 6477
6627 1491
2514 4974
4437 2418
5950 5456
6201 7696
4345 9490
3536 8338
6497 424
1654 1831
590 7113
7925 9835
718 6768
1181 475
9048 7519
7600 4747
3833 1606
6324 1627
3377 1858
8183 2575
5909 2671
324 1219
9644 7376
2625 4160
3688 2555
1093 2163
112 1762
4612 2903
657 2863
3951 7792
212 3792
5797 6997
5383 4212
4271 2039
6612 9742
3928 3795
2649 3505
6163 4412
3593 938
7966 3270
3687 3328
6120 941
3074 858
3692 4883
9951 9780
4329 1342
9994 7876
1755 4710
9641 6832
423 2163
7933 6971
5905 4333
9651 2768
8730 2308
1201 2461
4857 4950
8978 2074
764 8026
359 4432
9828 1770
5142 2127
999 9424
1353 9725
1128 2613
791 9837
9405 854
8017 1083
9088 2741
4025 1162
3784 5006
9700 7330
1949 8566
1093 7605
6147 3811
1128 9904
1862 2754
9138 4565
1637 9889
7633 8199
6835 2497
2907 6878
1983 3371
5456 5380
109 1468
4612 526
7334 4515
371 1794
8170 3634
1629 2639
1383 4638
5691 1660
4657 8146
863 1502
6992 6379
9211 2246
2441 2309
1634 5474
3124 629
7752 3514
8890 6684
4521 9698
5256 5806
6582 3835
5715 4367
7952 9947
6597 6407
7656 6503
3171 4730
5256 3107
5689 1708
5723 933
7259 8986
6942 960
6077 1075
137 9084
9836 5576
5551 159
9333 8823
7091 3293
4431 5680
1824 6971
7796 1458
8023 9706
415 7285
1990 2115
6709 1088
5501 6237
2271 5401
6202 5372
5316 2254
5402 3570
5076 1482
3227 9
5663 5126
471 3020
9231 4919
8188 8738
2260 2348
2706 5712
4640 4831
2493 6654
1229 7666
2605 4915
4943 522
7329 1792
1299 3738
6107 2484
3808 2737
7367 9676
7053 687
3208 3484
9497 5896
5845 4820
1225 2493
8474 1430
1329 7375
6982 4138
6502 833
7 9915
7556 6663
7367 5321
8828 608
242 6001
1688 1463
5656 1468
8658 9006
832 7664
8845 4342
5489 2270
5160 3324
8194 6092
6928 7745
3048 9885
8611 9978
1198 2161
6290 498
9698 1911
2630 6034
8105 1344
5583 1204
9416 8646
4772 2013
9945 9436
1601 2215
8508 4269
6185 4800
9851 7857
7561 6617
1486 7768
7858 1040
611 9607
38 4111
7917 3992
2378 9960
3950 4210
9749 4127
1621 8419
892 4075
871 4433
5312 6015
413 200
8589 70
4033 866
2472 4684
3531 2579
5504 1553
1452 555
274 7329
9996 4782
2082 274
9746 7437
4589 5675
8723 5725
7885 9504
6291 5277
2032 9324
2452 2680
571 7984
8188 810
5720 8373
3589 1976
7973 3306
1603 4478
964 5123
4469 2984
6091 1032
6524 9480
3743 5976
2137 3744
1421 3791
9687 5388
3868 3720
8756 3589
9403 3484
2329 9159
8493 3307
8957 6781
3977 5938
7111 781
277 3911
7725 7854
4510 5009
4119 5063
5685 4400
6034 1635
3279 3673
1249 4782
3346 8280
5190 2400
6292 8698
9755 4719
4660 1912
7307 5495
4295 4757
9555 9066
5759 2172
6184 6039
9428 2433
9314 9137
9322 8612
6853 8973
5346 7217
6621 8540
9282 1672
2348 9232
232 5309
9379 275
1864 6584
205 4029
9152 2911
2349 5989
2878 6155
2119 7554
1054 3059
8653 9128
5254 8987
8846 9772
5187 8049
5120 5075
3886 8213
6316 9215
172 3769
9310 1199
2072 1701
5792 5192
4149 9793
4087 6466
9821 7455
2911 3109
770 4472
7583 3347
6397 3529
3540 4410
8273 7345
597 1551
4468 2022
7810 248
3238 7328
2017 8259
630 7671
648 718
9418 950
4839 665
7120 7128
8092 1090
5608 1090
5655 1840
2519 2781
3018 7538
153 4556
6171 4664
6537 8859
461 2857
907 8597
6002 1699
1630 8172
3542 3459
8021 2256
5794 1741
8655 7198
2815 8625
6311 6068
2324 8729
749 3513
2429 7261
3357 828
3166 238
5553 9920
8782 3840
1378 2441
4148 9615
6342 9331
9090 8513
4362 1777
8291 2354
5247 270
2705 9831
7524 1461
595 1047
5144 3134
8572 1169
9354 677
8322 4492
4682 2833
1440 7779
6337 8742
411 5864
4112 1185
9091 7606
8043 9581
7225 1353
9014 1738
5596 4278
604 6921
2336 560
5640 8589
9505 3691
5230 4079
4347 3120
797 4391
6800 5435
9573 2019
5593 9896
2768 2979
2400 9471
4088 40
6523 3307
4745 5773
9625 7534
362 7935
7736 388
2749 4688
4612 4720
3476 9497
8523 2607
2145 9609
3261 1497
5603 9210
9909 8771
2446 6075
3244 9609
3806 7078
3184 4583
8189 2134
7358 7645
1570 9736
6180 5723
5475 3345
659 3835
4075 5902
9335 8448
9346 2959
2132 6644
2551 3423
9718 6814
8876 4195
5913 2371
171 9520
7421 9821
4483 9804
9079 8908
2734 1037
2703 9670
7723 7333
7660 1711
6332 430
4146 4903
3511 1141
1039 7183
7736 5441
708 6824
755 4567
4050 4022
9884 8949
8980 7168
9740 723
2617 3400
246 1616
3676 9431
7001 4821
7124 9207
8337 224
382 8164
7958 2108
3339 8364
1842 906
269 3842
7862 6520
671 1240
3504 4123
2162 8042
9779 3375
9950 3670
3203 8549
8574 3570
2441 4064
2611 5195
5332 6974
1738 8065
9675 4544
3133 5939
4709 2007
9907 3437
2773 1675
801 4442
3954 8819
2657 4046
6609 9248
5135 5418
4930 3122
5426 2601
9879 4799
7765 7748
3439 8093
2753 9303
2463 6047
9984 7116
7845 1639
9091 6578
6375 7252
1790 8885
763 6074
836 3009
979 8448
1412 9093
9542 9795
531 1890
9768 2141
3742 6460
2275 6961
8981 2241
2021 7819
9660 2052
4906 6346
6523 9091
7354 2717
748 6073
8295 7177
5286 2223
8297 8110
1587 494
3368 5615
1784 2535
4629 2621
5459 550
8846 5799
8600 3766
1380 7976
8645 9985
9286 5533
6965 124
7288 4523
4672 1331
6943 2670
7544 4536
489 8646
9770 7668
4883 7381
795 2171
1947 9285
5946 7403
2392 5102
7174 6850
8974 7360
9563 1664
3645 8369
6661 3151
9909 9546
5604 2838
5761 6869
2331 9284
3417 8988
5855 2768
1880 9653
1189 7207
1081 957
9007 9866
6026 4791
8980 625
3917 5334
1517 6438
5355 6311
4859 8648
6252 7696
2858 1434
2108 1798
6495 8978
5938 7081
9693 9495
9848 3644
2882 5870
1761 8642
1655 59
6273 7592
3191 6853
913 8891
8224 1501
1474 9563
3483 6528
4357 7566
5675 710
5813 5126
6956 4893
2317 1536
7790 8779
8566 6390
8009 8386
3872 9622
4321 9460
9205 6355
9351 3442
250 9712
2002 4782
713 4802
7079 1583
4294 3246
1822 8407
8181 62
494 6861
5307 1034
8721 1225
6600 3388
1038 512
4674 4073
7262 7644
616 1712
4175 2481
2229 3110
5920 8902
283 1277
6864 7322
1468 2960
776 8090
3768 2136
833 6755
1315 3124
8163 4228
1898 150
9466 1643
8358 5031
7541 5059
469 2922
6969 2129
268 5520
1174 7315
2068 5641
5164 6550
7612 2223
8214 8788
2420 9662
5801 1468
1374 76
4574 6858
9146 8682
9770 8589
9658 4417
7054 7849
9513 5220
7283 1674
6445 9462
6433 8053
862 3159
405 3135
7606 9091
7852 3687
4434 786
2629 5588
9332 433
4568 1536
7723 8059
8897 7388
3363 1811
345 9553
7803 482
6865 2216
3566 9713
1615 7471
1684 954
9543 2793
7382 4445
4712 9391
2048 390
3986 5603
2893 5569
5102 7367
8061 7777
4276 2802
1073 5876
2378 7041
2833 7141
8584 5518
1288 1482
5226 2369
2797 2868
1164 3305
2162 1292
2099 8188
8070 9675
333 5244
4025 2017
3464 8293
788 1753
669 8896
7584 4714
8222 1960
1925 6312
8931 9828
3860 2338
7676 5253
1637 357
6431 2668
9388 4741
2364 9508
6449 1392
5043 3277
9777 5766
5635 7427
3465 5543
4805 1749
6306 1221
332 8519
2995 5624
1788 2949
4962 2040
4662 7134
8847 3920
275 7398
8764 8073
2226 549
2831 852
9368 8790
4663 1627
3797 5267
5033 6043
4416 146
3017 4062
7545 1175
7862 5366
7545 1487
1191 8725
5197 4086
3349 9116
3819 5706
5505 8992
6653 5023
4343 1319
2919 3718
7018 9227
9923 1629
7638 4603
3359 5741
4242 5188
9614 1544
780 8947
4230 7526
2927 8703
1588 1976
9293 555
1050 7150
8469 8057
6461 114
4622 9897
5672 1363
9604 7505
4627 1124
8089 8451
8109 1414
2078 39
610 9467
290 1436
6566 8651
6313 5489
9041 7504
9429 771
3880 5164
1519 9613
4870 4032
1242 608
2266 5507
6378 1006
2762 6505
1000 7007
7829 1202
5339 6577
1555 1187
5619 5883
4813 2989
6685 4168
6869 7129
6022 8223
5784 9632
1881 2747
4627 1401
5945 1806
9203 7874
3883 2807
4364 9893
145 2202
4788 7428
6615 3406
719 8923
8054 6063
2903 799
7243 4638
2743 5100
2440 3753
9835 5312
9221 3579
708 6489
9846 1198
6759 4673
1700 7564
2423 8892
1384 84
1197 977
1582 1537
3843 1972
3142 8242
7853 7326
8405 8893
3402 8618
939 1914
603 9810
5244 5561
8926 3155
3584 1243
8408 6931
2840 4259
6024 8122
5727 5054
4861 2390
3179 3711
34 8225
8780 2387
5511 7593
5569 4741
7855 5419
650 9038
2108 3537
1373 1180
4239 9662
6780 908
7102 4377
8902 11
9737 8340
3726 2736
2813 443
703 1163
3264 9556
9988 5632
6356 4306
4382 2380
7230 9483
8233 754
9636 2589
963 4654
9694 8148
2144 4813
4463 6565
2709 3828
8930 226
2018 4081
2149 4372
429 8585
4054 2064
9386 586
4180 2097
6883 6184
71 6823
1456 9644
5174 31
6049 5495
8639 9747
4619 8545
7338 109
5980 2846
9392 1394
3100 9716
201 826
504 8109
8084 632
34 5981
5997 6167
2609 150
2298 5215
3595 6069
9597 4393
3970 5424
6426 8548
9055 4536
390 2389
1235 8394
1665 8819
7110 3519
5752 2137
3571 9618
8098 1080
5734 6005
8872 5255
6050 5893
8835 2304
5852 9870
4056 467
5888 5200
8483 1285
5115 3880
5530 5874
7413 5274
7854 8358
9845 7950
5968 2792
9518 6065
4083 3613
1442 7625
5191 2194
9049 4419
563 9347
6622 4433
4904 2766
575 8990
1863 6651
5572 1980
5345 2039
3744 6840
4897 4464
6552 1760
9743 4467
8042 9697
8208 9410
2423 8010
7085 2211
3599 7726
8813 6931
6278 4721
3005 3223
3583 6042
4926 2235
5968 541
948 6049
4187 4267
4502 7013
4362 1251
7623 7961
3371 8688
6863 5916
8462 7740
7187 6897
7420 1682
8666 2121
5785 280
7142 2131
4995 7963
4057 3480
7838 6940
7738 4415
4160 363
8054 1138
157 1102
267 6296
8704 3694
3426 3474
2832 8652
1247 495
8974 7820
5086 3438
1910 4056
970 3747
9104 8225
8997 4053
4222 8516
246 5275
9775 8798
7507 9501
4832 4429
7427 2611
928 4556
7368 3001
6829 5698
4200 422
1444 2017
3390 1012
8665 9012
2773 1252
3878 577
3637 6784
1726 6688
2323 7250
6556 4121
7758 9127
61 3670
2107 7483
7457 9083
9862 2359
4363 3408
986 6764
705 3113
1252 7593
9793 5929
213 1017
7168 4169
2677 6644
8267 402
4171 7276
2204 7349
3941 6238
5489 7555
9323 3541
7073 2123
1261 2905
6988 652
2477 2145
5096 6573
5321 8272
9344 9994
8614 2406
5014 6173
3851 1922
1972 9155
8117 3827
1188 9094
8808 6074
7813 3736
723 9639
8218 4198
3946 8360
3914 6300
9545 1078
1697 4831
5666 2028
158 9798
5376 3756
3104 2421
9764 7651
9635 6145
9654 4061
5530 4104
4179 2106
4440 2971
7082 8176
1167 3402
8744 6290
7221 2337
4117 3667
2557 859
8467 5589
8681 4341
9477 7352
5744 5560
626 3158
3703 8009
517 6207
9665 9316
9942 7331
8543 4254
4583 2019
6044 1762
3306 3394
6879 1209
235 2192
7480 1972
5108 8108
1871 6189
9802 4328
2440 4877
6125 4207
6846 54
4128 7825
7170 6883
1491 1832
1189 4169
6934 3479
3517 3930
454 428
5291 9311
5729 1949
7700 5967
4498 5428
9068 3899
549 6275
1920 8963
4592 6918
3724 3618
5827 294
9476 1766
6747 7000
6839 2630
1666 8272
8580 1279
6313 8156
7774 9164
1610 7700
6554 8682
7410 1288
6245 8683
7332 9569
9091 8939
5401 3993
3208 6301
7887 8850
8147 8174
8093 3039
5359 1237
2569 1437
467 7552
3431 1480
3492 7648
779 4097
8607 4700
8532 9257
8508 6137
6347 2048
1630 1571
1352 909
5295 608
3987 2660
7460 8347
6236 5169
3704 4952
1773 6069
4319 7712
1469 7391
8845 401
5373 1955
6096 6160
1764 5918
6237 4556
214 2770
6513 5019
9029 6531
6623 7377
4842 6996
3961 2139
8817 5200
8838 2148
5353 9742
9754 7730
1782 8582
179 9756
3352 5719
3080 3424
7922 2245
3855 8141
1203 1093
5728 4171
9973 4474
9103 7690
6561 31
1709 5736
3097 1342
4705 5990
2459 5833
3790 4835
1501 9766
2337 4638
4052 2150
7429 6330
6615 3656
3420 5669
8019 3745
8438 1433
7028 7483
5793 515
6767 4777
8770 9181
3715 3188
9639 9161
4674 1057
492 6295
1192 9263
1311 7023
3432 4633
2398 5933
7207 6440
4382 6359
6512 1219
7775 2445
9643 7041
2944 7150
6382 6310
6740 8326
8275 8833
8898 6610
1719 8738
6894 5569
7871 5671
329 3792
7630 1511
6979 338
2246 9487
7491 7276
9218 1261
1531 749
7414 8126
7710 5706
5043 7649
1681 9709
6893 5191
6924 1716
2071 2978
10 7917
9704 1726
3924 2726
1990 2937
1104 5825
5654 50
8073 8170
3058 9999
9573 2383
2371 4304
1202 3510
7437 9481
1405 7188
3573 5666
3351 9479
4823 1750
6359 2234
9533 1187
9872 7100
8383 9946
5076 2466
1051 9212
859 351
2580 1505
6858 1095
4525 7929
6987 7053
7022 7301
5922 4622
9903 4766
6795 8568
2903 3744
9899 4886
2027 1812
7266 9008
470 5937
3080 7531
4182 6396
2232 1749
128 9230
5332 8667
3247 2684
201 7236
2254 4079
9508 6925
8820 8994
6915 5158
2651 8456
4378 4373
3189 9970
5830 7184
175 2543
3793 3422
2040 773
2344 7173
1704 8426
5631 3649
9179 9625
1374 8961
1506 4722
2352 9604
5186 2828
5879 8942
3594 9090
743 6824
9426 3393
8048 454
951 5400
3789 338
2704 2907
4821 4148
5854 7387
5927 6610
1539 3566
5520 6803
5235 1679
3452 6236
1666 3480
3416 2000
2397 6245
7381 4801
6568 2045
8701 6632
688 2578
4248 8317
6750 599
2195 8985
1129 5876
6836 6401
7490 1709
3781 2355
5932 5144
5182 3391
1924 1026
1784 7306
9069 8920
6087 620
5460 9372
5983 8116
7602 2020
3335 8478
4264 664
2909 8148
4362 9188
8633 6464
8267 42
9984 9696
6677 9131
8707 3907
2231 5859
1096 1809
101 3881
1465 5917
9953 3976
7957 8180
7465 6951
2540 5973
7256 3567
2337 7786
569 1578
9653 6776
5020 9568
8391 4847
5349 4418
7163 2685
4091 3822
1070 1843
3114 5194
7235 8557
9628 7396
3095 3747
3712 1402
8425 8448
6204 3537
6767 7496
6973 3963
3359 6154
5948 7587
1543 3869
7734 3856
4774 1460
2464 5312
740 2918
6348 8689
157 5191
3094 3716
4871 348
9602 5278
9927 2402
7768 9659
2289 7060
7823 4688
6751 887
6257 5919
1625 6153
7570 4438
300 3289
6129 2130
7664 4004
5532 9663
9453 4099
7854 4826
5287 3430
7988 5471
4855 1483
177 3619
207 2585
1687 5841
1557 8346
1977 47
1675 2160
4 4288
8626 2423
9418 8106
4540 9668
2581 5982
4999 3764
5993 7508
1078 4992
9966 6531
155 6798
1322 3250
9804 6110
9156 5718
7250 6490
9559 2350
278 315
6982 9208
4111 6020
40 7126
9854 6243
5235 4309
5707 311
3226 3941
4188 5451
1347 2990
1082 9659
4571 302
3444 6867
8928 8658
2988 8178
1989 9970
287 383
4180 3448
4431 554
9109 5350
2424 9258
5486 9977
8323 1089
7888 3819
220 8859
9062 5610
9256 4964
1439 4205
8464 7555
6128 1977
1624 3632
3416 6699
6676 6083
5571 8143
623 572
8343 7409
3990 9232
7540 1514
4351 774
1461 5521
9627 8881
7427 838
9054 5053
7052 3265
5757 5245
7025 5662
6509 5685
2469 8163
8574 5182
9283 2169
9124 4173
3349 3323
4609 9673
1597 5748
3792 4295
3018 9288
1565 8060
9099 9176
4775 682
9597 2526
5143 3663
8702 6368
2153 5904
8228 3964
5295 8741
4431 463
4564 4976
5409 9666
6809 2248
2446 9970
415 5599
1064 7338
9456 971
7742 2390
394 5453
4149 8974
7087 3585
5599 7600
3440 6492
5247 9312
4930 1388
7426 3962
179 3294
317 9249
1955 3883
6023 3425
3178 8305
2128 2528
191 3493
2306 9913
9325 6596
1694 1063
6259 7230
9257 1914
2198 30
4539 4084
2568 5206
3244 949
4037 3157
2342 482
1836 7832
8641 8144
6954 2328
9743 4435
6211 4139
4518 8841
6006 1623
4239 5463
2236 5028
47 9063
4639 2599
783 6790
1735 5181
1088 3933
5229 7439
4830 1899
6659 8221
6471 9976
8911 7044
5049 9682
3071 9304
7821 3051
9677 3603
783 4974
3001 5879
438 8739
4881 9543
6068 166
2499 7857
9983 929
5421 4294
6444 9575
3319 8319
4945 7187
7959 1741
2394 8195
8737 2090
6530 4575
8866 9485
9351 2738
2404 4032
6029 5706
4257 5025
9610 7926
9959 3214
9034 7496
2041 53
4969 2846
1711 9190
9901 6346
6692 6176
6222 8373
3986 7016
1642 7472
2875 5547
5764 4530
6453 2110
913 3805
8815 4637
7997 3200
6629 7977
2311 331
3697 256
9818 5508
3657 6947
9316 7968
6385 1562
9417 3690
4844 9781
5371 629
4109 2620
47 4003
9222 8359
5164 1601
2127 6557
4209 4903
6657 2127
1295 3664
2151 5793
1407 9680
9124 9738
3866 3101
768 8904
3832 644
9002 4916
5736 2189
1947 4055
600 727
2197 1047
5326 997
7167 9655
522 1111
4747 9826
458 2091
2050 7760
2553 1984
9491 4004
5336 6459
7581 7594
6778 4502
1016 3623
3103 7382
1668 4522
7151 8355
1226 3165
3579 4979
2273 795
503 5357
9064 2740
2348 61
8070 9596
1720 7410
3232 8101
9685 1885
9745 9387
5782 543
9982 7706
1978 4424
1796 6452
9030 1938
6701 3643
8504 9037
7148 300
9984 2109
8085 2227
2866 2202
6361 8161
8230 2357
2480 4464
631 4770
3088 1366
3687 6068
3138 3237
6830 1415
5313 9422
1292 5210
7427 9165
7235 1472
2841 8744
1736 4864
7108 8719
318 9449
4699 7958
6137 6014
7768 1259
8825 2821
8890 7953
1165 1419
9010 7402
1019 9092
8950 2514
6852 3853
599 9167
829 3276
4744 1919
9886 9982
5232 4867
8732 7188
7956 6661
9565 5165
9776 2008
6402 8965
5532 223
8783 1812
9191 9602
5186 9818
9927 3018
2982 4613
5157 9115
4713 2856
369 6742
6649 8030
3780 9489
9377 9883
8652 7937
9213 2074
7385 1648
1331 2753
6216 690
3126 7672
6802 6313
6347 8824
4908 1230
6099 1003
4669 6969
7053 3283
4693 9493
932 6041
5358 6557
4944 4367
8382 9334
4751 289
6685 3344
6982 5027
7203 664
9709 8072
8592 4005
2365 7524
5772 9495
6905 7176
4277 430
5333 1665
6453 109
2378 8024
2148 5206
268 8999
5583 4838
8602 7094
1768 6589
1208 7645
859 3148
6060 8362
3705 1043
6483 4020
5739 5765
3184 7864
2608 3907
7352 5160
138 2668
5003 7422
5759 9391
1372 8944
9837 2898
6472 2253
7912 7563
8909 5818
126 9239
7231 6147
7069 2188
3134 9929
8750 5738
697 6305
2243 5573
7841 9155
2186 7164
541 5447
4509 9461
2142 4978
7671 8325
5016 3919
8801 696
3699 2115
6250 3324
6807 7505
2266 5204
3192 8754
5172 6804
3305 5238
1561 2353
7773 7974
4985 452
3102 5424
9992 4588
1553 6432
4670 6624
8097 9487
7744 638
522 2536
3851 4640
797 7181
5842 2625
1249 4681
1985 4290
5026 5676
4240 8608
2847 8043
9818 555
3077 7321
1408 4782
2492 9169
7873 7854
7356 6224
6354 8381
5796 5271
947 7802
9743 9540
3156 4344
1160 6778
7551 9666
9732 8253
837 9284
922 8814
6708 7638
1674 1563
1880 9297
6437 6547
5265 9004
4835 6704
6479 3181
4044 7446
8535 2581
3431 6501
7446 4715
2785 9275
7122 4428
7044 9953
7069 5137
5963 3596
9995 3623
8472 7459
7882 2717
1122 4323
5894 6010
3718 8780
6685 64
1621 5637
3022 1924
8270 9280
9053 9592
7518 130
5980 8693
1408 7192
5404 3102
6406 925
4847 3603
349 6349
1857 2557
4439 3477
5213 6789
3166 1118
4449 9916
2713 3516
3498 1787
2286 7047
7718 1199
8695 9959
5670 9254
9727 746
5340 2543
779 3367
5506 4947
5521 8857
2925 50
704 7811
1025 4326
2897 5184
6465 5964
318 2108
4236 9289
3353 4620
3244 5074
752 4494
5516 417
1145 9107
7132 9969
9413 5455
244 1029
9721 1341
7619 6142
2954 7375
8173 6659
8155 4757
1273 7089
8624 5906
228 241
9385 5657
7247 9314
5016 6865
7136 4098
3292 4174
3600 1593
4860 5447
5675 464
9468 6974
6172 4744
6640 2532
509 6099
3376 3270
138 3523
8456 1248
4641 2740
9006 5904
4027 6095
4318 1366
2209 5995
2930 8388
7323 9367
6685 1056
2306 9754
247 2661
7550 3094
4585 2418
7396 9907
6008 393
1651 8798
4680 171
5063 1355
744 3833
9147 3733
4950 6716
3837 7049
5976 7606
9300 3114
894 2744
2923 6218
9520 8121
4040 9574
7077 6631
8555 5205
9187 1737
8515 2690
571 4182
6948 547
9201 5396
3371 8270
7132 3376
6194 953
6066 6975
8879 5442
2097 2659
3020 3648
143 2033
94 4855
480 978
1367 3265
208 3467
9627 8575
487 669
8454 3926
4952 2859
6497 7683
8345 1449
1124 6285
3459 7913
4243 9226
9829 8980
9839 6903
5493 3196
3452 7942
3259 5351
7257 4975
6321 4672
2165 7829
7528 2803
9498 4523
6867 4007
3365 9177
1383 9957
9068 565
8797 6317
1482 7338
6777 8566
8401 5678
8797 8156
6199 9782
8822 6103
3063 4159
2665 9928
9498 263
6867 9808
1822 2669
2346 1523
3901 5330
7876 2208
6503 6899
1072 1494
7966 3488
5960 6523
7639 6864
169 4062
2935 925
1129 3920
8326 457
303 4395
3766 1575
7485 7071
6940 4667
6728 3575
2998 3552
2408 8832
6466 4324
9582 6241
5967 4621
6589 1129
4707 4674
3342 2763
5908 158
8745 6414
2582 3045
924 9336
7523 1476
1468 3757
2972 3178
8906 4205
2643 32
9300 9214
6735 7720
902 4038
5562 2591
9133 6222
7823 3290
7884 1852
6001 8321
5217 15
7410 1465
179 953
8073 7107
7412 9438
7156 1189
5189 1259
2351 7680
8799 3759
4919 8080
413 8047
2311 2840
9149 7427
4139 7849
7377 7685
1690 7795
8677 4063
636 101
6635 1601
1871 8297
9583 7114
7148 4125
7701 8362
4958 9001
5105 6209
6688 7555
2423 1400
894 744
7160 5930
1087 9423
2144 4088
12 7791
6027 1543
2448 2897
1691 9609
6938 13
5578 4322
4687 1252
1880 2761
5281 8361
9393 125
8956 1445
3401 2967
202 306
3183 3822
8478 7698
57 8486
2866 2142
8649 3962
9540 3847
8552 823
4966 8052
6888 8535
5431 5928
4570 9891
1254 5789
11 3462
4492 2473
5995 8226
3245 33
6816 9170
8770 8334
8833 8294
3092 1132
690 4130
2110 64
6925 2011
653 737
8635 856
3793 9044
4209 3203
4877 3663
5124 2314
3033 1618
3642 8806
6295 5483
7429 9108
8572 7464
1206 2918
3944 9362
8705 3035
3866 5116
987 1739
2894 833
9112 3315
7760 8202
9244 6302
6623 6494
1014 771
3930 630
8198 7261
2371 6520
6164 3020
8393 8145
5249 1338
1810 4303
376 5669
4564 9942
2527 2575
6713 5955
8752 5464
2622 1954
7039 2587
2118 4751
1470 9432
2736 5369
2223 6086
2344 7179
4863 8463
6297 8730
8748 5806
8731 8386
6585 5789
2269 5830
7641 8952
9934 3493
7563 8766
6804 2596
1838 2531
5200 6251
2244 5561
3207 6128
4704 1795
5527 6439
6309 9759
7012 1959
5071 5636
601 6285
1037 7517
6337 1352
8966 2450
2562 4752
3113 3299
8286 9669
5991 7735
5942 5190
6966 9177
9952 5064
1533 4769
4189 6654
8317 6566
4741 939
3907 7539
2379 9767
642 4404
7590 4467
3099 6023
5600 8885
6577 3262
5858 1884
6525 843
5892 253
3676 6835
1671 1436
7617 1113
4185 7519
3915 4013
7954 8703
2836 5554
7044 8420
7835 2270
8700 2550
3672 6399
5746 6744
2034 7676
8956 7281
56 7867
2960 4944
3996 2841
8331 461
2555 5298
2328 9331
4119 9818
8601 8051
6058 9361
3535 5511
2555 716
4592 3044
3396 4280
7065 2403
3791 4750
4573 8687
7373 4180
975 6554
7495 926
9641 9371
6794 7895
176 9211
3152 1274
867 442
779 3437
8869 5283
6016 3739
357 1357
2793 9283
617 5922
9083 1436
5505 6109
9954 2933
9808 7256
2866 7284
3472 4616
3658 6613
6739 6134
6081 1279
8484 4159
3404 3686
9990 7576
2837 4336
2876 5797
1826 8226
5800 6427
7761 5689
4536 5623
5546 6977
154 8897
4061 3942
1500 1725
5434 2524
8617 8914
3922 4958
9093 2621
7211 3940
7191 4924
7706 7070
5166 3917
1611 1515
8261 2358
4394 5530
1472 7204
1163 2885
3737 8348
4058 6029
7337 7287
5145 1249
453 3249
9833 842
1598 3583
1215 7842
6174 7798
6910 9938
9462 6406
4956 5447
8051 8598
8802 9322
5533 3189
6650 9838
1548 5608
9841 782
9796 4365
2296 3956
9500 6295
8821 5060
6409 7762
3320 8702
3823 7643
1245 2551
4548 342
8505 3794
4623 3524
5469 7872
2731 8565
4040 9404
2523 2637
8198 2759
1491 46
1370 793
2146 702
1402 2669
897 6451
2659 7055
1364 300
527 3143
5186 6544
9469 4540
7740 7282
8583 3872
3202 6931
3086 5639
1210 7259
192 9065
2474 5445
9874 1906
6653 6140
6502 6737
9498 875
2172 9417
7833 1276
7227 4959
943 4122
8991 9375
9392 3548
2981 1156
6847 4920
2885 155
2670 4395
3199 1331
1797 9897
9578 1255
4315 1957
749 274
4207 3041
4288 9048
8694 7940
6330 9715
1277 6912
5735 2851
6538 9700
2394 9565
9613 8160
9167 8278
9656 4192
3681 5438
3873 8882
6073 5163
1457 3871
7671 4515
5221 2152
4109 7955
3945 2230
7569 9413
7198 8932
8926 2521
7387 1792
9683 9439
9090 2214
2895 1678
2436 8410
1239 3725
6916 8645
7945 4788
1237 6692
9490 2221
5443 395
7875 6686
3388 61
226 2243
2481 8308
9634 1200
642 796
7229 302
8242 6389
5440 5479
8579 3960
7915 4250
2235 3461
8879 3229
7488 3042
932 3906
5491 3835
7676 7226
9944 3350
7669 5749
9703 2987
2792 1947
1837 4197
9670 1885
4526 5436
8604 8552
711 9635
2276 1250
8127 3546
293 2695
5738 1020
6187 35
6744 1031
241 8060
9848 4518
6784 8187
5457 3763
5878 2882
5207 2491
6325 3964
5265 8030
8145 591
3798 4444
9652 6892
9500 521
1038 9880
8534 8455
8183 8214
9996 9813
4792 7303
3173 250
2182 8259
6407 7575
1912 8804
6190 3642
1949 5544
522 6389
534 80
5422 8067
7617 7801
9915 1131
1859 143
4120 862
5529 2580
7935 812
1096 9636
1486 9707
7154 2779
9679 7388
4470 4517
2887 4465
5186 6312
7714 2305
3415 4906
7879 7448
8213 3354
3005 7409
3722 2134
2631 714
5288 6930
5751 5147
7430 3188
1496 7826
3999 3220
6294 2452
3453 498
3085 6366
6719 7601
7084 5787
1575 5532
1443 9110
9291 6128
3594 3060
7822 5920
9871 3528
43 8190
4726 8645
2715 370
1925 6407
7612 6742
2464 4182
330 789
2220 3635
2214 8093
7895 8937
7747 8778
3206 2859
3391 7667
1500 6692
8200 3331
8798 4574
8458 6287
1510 3306
2751 6889
7991 1395
2651 5537
4538 3409
5889 142
2778 8258
7632 7167
1483 3122
8774 5125
6675 9789
8632 8774
3500 8573
4936 7137
4833 8990
723 2333
7962 267
7858 614
9752 4777
6767 2175
6267 1458
1499 6807
9362 5206
6754 8958
888 3958
6843 8158
4464 3812
2024 4302
5527 7275
7970 868
44 792
5152 9644
7390 6525
9029 4776
2726 515
8284 828
4554 4676
8241 5344
6923 5681
8098 3969
4715 573
6042 5741
8909 194
2274 6735
8300 4098
9038 2020
1809 115
6615 4008
9055 6531
8249 335
6486 3295
5390 616
5273 2693
1045 2091
8052 1399
2394 7639
7262 40
1956 5105
9895 9528
5354 7960
3165 1079
9651 4989
6873 7431
2113 7439
1073 7154
245 9214
4528 9201
7399 5971
2309 589
8514 8384
4900 1308
731 8901
9462 7950
7929 7929
8125 4077
5995 4816
5096 9089
5352 5019
7882 1651
5610 5545
2795 1805
5395 955
2150 1630
294 7068
2581 6076
3855 6119
3848 2405
9245 9757
6774 9903
2037 9880
6657 8461
7066 5517
4207 8208
5970 2862
7640 106
5797 696
6349 5144
2569 279
2821 3551
2081 6156
3510 6367
9005 3034
8640 5050
4138 2792
5337 397
5383 456
7246 615
564 5662
1273 9964
292 3121
4668 5397
7837 9090
9289 1555
1576 8646
7360 3538
4998 1322
4060 8545
4861 3672
1720 9713
7031 8768
3829 2872
3646 7356
1786 6028
6474 4027
5751 4288
1463 155
655 9171
8363 1101
2923 6898
9587 9269
4475 7764
3312 2279
9141 826
8255 7885
8717 252
6689 1106
2812 9111
194 1196
3844 7043
397 4254
9156 7018
8332 3411
9400 5590
1592 38
4207 3968
725 9989
9577 3240
2802 9386
756 1779
5775 1659
9260 9984
8876 1355
5424 7463
6887 3777
3554 7805
1617 1703
9427 1428
7885 9410
2240 2295
3984 2459
8187 7570
2634 7226
7022 5649
3716 415
8234 9112
6721 7942
1845 1720
5889 6893
171 4709
6995 2563
5619 1595
977 536
6305 6463
6563 2552
5112 525
4384 5150
7042 6949
448 2837
7362 4127
8873 6702
7079 5169
2194 3280
6679 4325
8866 6280
3221 9459
5177 4662
7884 2985
2418 6659
3133 6312
1509 2388
1110 2037
7048 5401
1112 6906
5213 6166
7076 5563
3450 3702
708 8143
6553 5102
6471 5096
1795 9631
4241 74
8503 2543
7696 7130
4229 5695
5432 9940
1384 48
8123 5832
3360 8876
9814 2661
152 3195
6589 4823
3233 7047
1122 5459
4691 9252
2992 6138
3588 6565
596 9121
9477 5279
2673 7574
7012 4509
9698 6513
4374 7794
5361 4782
8566 4638
8550 3905
8290 3929
3702 7296
4678 611
9202 5053
8636 865
6271 780
7839 3439
6399 3765
9789 1612
9198 6906
6897 7905
8331 548
5089 2884
3094 7120
1692 9356
2193 7054
2349 8456
6307 6707
841 5819
2984 662
940 9420
2604 3867
9937 5652
9700 4633
3723 3899
1448 8327
8131 9850
2863 279
2846 694
3556 1680
7131 9963
7044 51
3340 4861
9470 4621
9748 2702
1062 3396
6969 8762
3709 9266
8301 3735
2085 7849
3704 507
9607 7359
3378 7072
4425 4802
413 8913
1268 4666
5366 1972
1384 4780
8764 8343
6753 9858
3092 6800
9901 5963
7027 4992
8062 3033
8220 5148
7738 5759
4821 4269
9061 3834
1695 6650
5715 5229
15 9807
838 2552
3824 8287
9364 5278
9701 5526
5393 6421
9339 6023
5994 6033
5127 9921
2108 7019
1878 3641
4614 8903
9445 3483
3872 2584
4126 3102
9208 7886
2907 1704
8180 6573
2713 2751
906 5552
8329 6127
5068 2851
2840 5710
4782 4039
6532 2523
6029 8314
9573 4679
6791 2480
3846 715
4343 9314
4639 1085
4883 8858
8754 4150
4048 2289
2842 8428
3954 2109
6957 2550
7821 5033
2329 9849
1104 3921
9107 3369
8631 1189
1633 7293
3852 3808
8953 9999
4932 5262
9443 1330
8385 9620
2153 6806
7007 292
2768 8958
864 8380
6090 1445
8499 8893
7151 6919
4755 8054
4457 4590
751 91
1712 6366
8839 8286
8878 7247
8450 4928
1459 9130
7629 5475
8662 9422
8400 2722
9069 4805
7827 9402
9556 4771
3000 5152
8083 1109
5033 2303
7405 2765
4507 3473
9678 1787
2428 7299
6287 2597
3384 4283
4562 2796
1946 518
6152 770
2146 8646
6860 1954
8191 7549
8349 7382
9069 1513
2190 7764
3936 7946
1269 5896
8192 5021
2733 9941
7319 6110
8542 4691
4289 4987
4004 4314
8499 8981
8116 3779
3475 8828
9369 6039
2061 4858
1684 8435
2707 610
1593 4239
7694 463
357 8931
5638 2415
3182 3933
439 977
3351 9550
5055 6676
5974 5976
8082 450
4137 1611
8528 2102
7508 7960
744 7874
1088 7307
3035 1514
7535 3163
7214 6129
1401 2507
3713 1406
2852 4409
3539 2590
7544 424
674 9371
6737 6416
5919 3045
9038 5143
133 594
5115 5007
2709 8742
2937 839
0 6786
6795 925
4966 4896
2881 9729
6161 2522
2512 9763
2735 7758
6899 3915
2598 5941
1143 2464
9324 8637
6480 1189
3148 1538
1029 1631
4929 4656
7113 5784
63 2123
1963 6851
4150 6555
3506 9965
5517 4474
3480 6681
8984 4401
7391 6654
6257 6468
8676 2774
6514 5691
8947 874
9679 7982
567 6144
9682 9055
2003 469
799 8505
4709 4283
5685 9781
3265 8636
9991 7105
4463 235
1051 813
2336 8620
8754 2893
3623 9202
6039 7065
8234 8165
2405 4825
7369 9185
3391 6193
7084 8411
8958 5669
4174 6557
9267 1239
8312 1447
9763 1826
8242 2554
5620 1409
8665 2627
7976 5301
6596 6256
9176 9688
826 8643
2546 6365
8072 9386
9059 7393
9377 2224
755 1759
9977 2602
2352 7311
3003 71
8157 6492
321 6616
9774 4729
1373 3196
9841 882
549 3687
1790 2782
9682 9456
7945 35
6354 5186
1973 6928
819 7077
3186 5289
5941 7782
4023 5425
9016 4113
2428 7700
900 811
8278 6734
567 5792
1364 6979
8429 269
9524 1969
3353 5802
4222 3900
3854 2347
3632 3478
7058 6935
8641 7022
9719 4453
8314 7470
3949 596
4222 983
2927 8451
8800 760
8756 4504
7347 1449
3939 2299
1425 2370
4570 2307
8665 730
8210 2261
6006 3129
3664 584
5596 9756
4818 4908
3073 2712
651 7622
5635 396
72 605
3355 7989
5278 6997
8149 3738
915 8589
7052 7010
9780 9373
9345 3266
4651 6355
8019 8951
2985 1680
5161 4046
4345 430
8520 5374
5039 8672
5745 9678
799 3909
3467 700
2602 6378
1574 5842
6056 7763
6490 8448
1112 5425
6642 6245
8283 6653
8224 7209
8766 7800
5625 6255
1197 2017
8777 7576
4181 470
320 3045
2505 2995
3369 5684
8969 2545
500 7378
5412 5216
2020 7533
189 5748
9477 1276
6558 4762
6364 8025
1457 4107
2971 8627
2193 5153
5797 9947
8339 9484
7545 7461
6639 2785
5365 734
1114 4719
6343 9986
9858 1102
8821 1956
2641 2291
4565 9919
9078 2064
5559 9984
2487 3195
6720 4588
4696 7935
2805 2093
19 4048
4811 2139
5207 3404
6412 90
1885 3732
2902 7113
8499 1455
3535 8000
7545 3036
140 7019
3790 482
9382 1431
2880 7872
1351 5199
6040 6568
1344 7225
6330 8874
5457 8946
835 8135
7078 5093
5576 9844
2956 2296
8025 30
7982 8857
4985 8795
7354 9325
5680 6507
9196 6644
2461 9810
6000 5243
7684 5612
7573 9993
3843 4021
587 5774
6166 9981
7086 8363
136 4974
7080 5639
5311 1670
8587 2787
4977 853
9375 2101
1945 3747
3804 59
5862 7868
1735 3712
4216 8470
7320 9182
6386 5294
3050 3970
1025 1610
6948 9033
4077 2075
6280 9139
3353 243
8617 8304
7225 1812
6444 3601
4953 6259
9450 4055
9016 7080
6161 310
2829 9709
9213 9922
7515 2100
954 5193
8728 2687
2567 7419
4315 4062
7709 3885
2440 8142
1997 7800
4103 8864
937 5691
1597 4715
6326 7346
5240 6939
9836 6290
5430 2714
15 1299
8966 7749
1186 8442
7187 2610
5913 7867
350 1469
9537 2878
6251 8820
5214 8764
9608 1659
1867 2354
6995 2384
4439 3331
6777 473
9390 7893
3309 9839
5186 3671
3815 3243
118 9862
2651 7746
2657 684
384 1259
7207 615
7083 8958
5332 9055
1702 7276
3519 5009
7868 5377
6257 6087
4467 7631
5440 4611
1014 1620
1834 6996
3783 8423
7420 6230
4632 9880
6969 585
3593 5689
6175 9658
6671 54
4176 332
1712 9027
239 2797
7076 1234
9192 5065
3080 4010
4482 5849
1687 7987
9918 649
597 1076
9516 3493
5895 9382
7476 7112
5957 4376
6827 2696
1779 8518
7499 2087
3780 9857
6928 1611
5091 300
1417 8195
944 3858
77 1231
5173 320
305 4926
1460 7803
6599 1782
1024 6891
7578 8035
176 7012
7953 1579
7276 971
2038 6930
3495 5017
186 4291
6685 5052
3684 308
4767 250
6982 8445
4287 5088
7372 4541
4501 9296
8953 6452
696 7101
8096 3586
3223 2073
6437 608
6963 579
9786 1087
349 2509
1151 3777
3944 5415
6970 6198
1899 4530
4441 125
87 7546
3009 9566
6378 3771
9216 5400
4694 106
4944 7903
9711 1802
9445 7928
7639 3115
9304 1616
4435 9887
1868 2353
2662 5744
8032 6943
7118 2265
4499 205
5352 9601
7495 7688
5619 5646
2049 5619
494 2177
9807 6079
7026 5818
916 9988
5162 6404
9787 6022
1349 3881
4580 4275
8399 1268
1913 344
6611 8559
278 5839
9997 4467
5491 2375
1711 6642
5740 5269
3290 1445
5517 129
2119 4014
4112 1989
1131 9583
8845 5630
6515 5946
1479 6967
3804 9544
234 2816
2481 6903
1361 2090
4354 364
8212 3449
8478 3216
801 8285
8945 5952
2784 5741
8828 9034
751 8733
4614 3397
5437 8653
3889 1548
2587 9440
447 6761
6513 4531
371 3443
4305 6679
2049 6613
1812 6789
6623 6447
7439 9711
431 167
4231 7581
1621 3361
2350 1458
8539 953
5934 4300
4996 1841
9703 3102
9857 7885
4566 4794
8894 1547
1466 8677
5211 9485
3168 5785
1196 1791
7618 7763
6789 1756
8186 8146
5771 19
4406 2947
1344 7160
9867 1172
4637 156
1564 2113
1182 3531
6406 5404
5212 5979
3522 2394
8211 8734
1514 8478
9411 9991
5779 1529
4539 9446
6623 2829
6875 3684
1399 2458
6475 7005
2314 8590
995 1363
9656 6078
2188 7465
4961 629
682 5199
5680 3152
7576 7277
2594 4087
6841 4037
5331 8057
7435 5877
5316 9838
5988 5388
5484 5122
7966 6909
9195 852
7829 7087
2690 9513
6735 1651
9544 3906
8048 1118
6058 7074
9641 2015
7195 3520
1111 3614
7559 4367
5980 6266
337 4185
3450 3791
7640 4921
4673 6183
5922 4137
6560 5546
7013 9691
3575 6683
5444 7795
6279 3813
6397 9081
5570 9456
7581 5982
7596 9887
9914 4852
4117 8009
8380 8446
6729 3806
9390 2565
5545 5094
9765 6427
7296 9943
1908 3919
7514 2848
501 1428
745 5813
1264 9456
2711 5832
472 3655
682 5034
118 1283
5026 6246
433 875
391 743
2971 9779
4526 7973
2952 9104
5012 4861
2402 7644
8336 7001
4881 1340
3320 2159
2241 5561
4373 2419
1443 8330
9721 6993
6626 8225
3767 2872
6661 6534
3678 5177
1556 8785
9163 1283
2945 8949
1098 1194
5786 8614
3443 3045
3308 4703
9537 9823
8861 7142
5175 9133
3235 4836
8429 4482
6457 2054
9428 9372
8860 603
1145 3156
5373 3500
9622 2604
8436 6540
4148 6593
6095 816
7436 4349
5268 1209
5037 520
7733 7277
7242 3553
6929 7552
5828 8199
9585 9852
6014 6996
3509 1922
5317 637
2867 1832
3723 6824
8236 684
6150 336
3752 6413
5677 378
2674 2713
5100 3007
5797 6807
9962 2413
9067 295
3696 3039
8432 7761
9966 5450
3535 7238
1398 6289
3830 5782
2081 625
4191 4700
1502 3066
9657 7344
4724 8352
1561 5150
6812 8894
8260 6121
3202 2656
148 8823
4446 9379
8224 8892
6847 6364
6737 9201
6755 2809
7169 6065
4335 7191
7669 6619
5620 8328
4200 51
9776 9162
8223 7589
1712 2398
9587 1451
2836 8332
8893 8100
3225 8095
4462 3583
5123 6223
73 7789
2059 4570
9161 3836
3771 3175
2532 7025
3344 236
5694 7000
4771 8232
6088 9936
1053 7112
8009 25
9915 8849
2685 4448
5406 7790
2921 1842
6110 7643
8270 3536
2240 6351
1380 7627
9662 4437
6630 9801
590 2866
5760 3328
9069 1194
8888 1481
3250 7616
302 7698
6044 8504
7879 8157
5370 2752
4165 8720
2578 8396
1237 8169
1472 2378
7431 8027
5502 8477
6197 3461
9579 9775
5285 6700
3368 9461
2081 6268
8176 661
9012 2026
323 609
4137 9779
117 1412
3192 2378
162 5557
268 5520
4511 875
9540 1645
5883 2140
6504 3434
1208 7804
6448 8989
8854 6415
5174 2519
9151 8346
3142 1309
6952 6788
804 237
3608 5670
803 4251
5358 3012
3125 3729
6637 3686
7726 7443
738 3252
9744 3406
7092 9630
7356 9454
4617 6056
299 2239
5290 7045
7780 5010
6534 3597
9360 8945
9529 377
927 3858
3081 3204
1925 3774
4797 2700
2186 578
1975 2753
4782 4241
7752 3744
5151 2969
8800 934
6819 7355
1159 103
3936 7714
123 5595
5531 9763
5673 3423
3739 7288
3764 9071
3585 8566
6163 1443
5098 9727
6620 3596
7376 8279
5329 2716
5531 9346
5834 6762
6057 4368
942 5036
5569 704
7834 5195
5750 2791
908 6151
7287 7113
6114 6725
5004 9860
4922 8259
3771 2344
1633 1770
3252 871
4582 5705
3306 1082
4258 8705
5350 3448
9734 5744
5310 1250
5646 6401
5282 908
4486 8943
8770 7910
3721 3769
2497 6692
4071 6320
4648 2687
6512 8200
3787 4333
8105 5964
4241 4969
5070 188
269 1606
6260 2601
242 5412
2541 3261
125 9178
9055 848
8670 1553
6336 9481
8459 2690
1525 7220
5305 4406
8673 3273
7034 2680
9156 3864
3906 718
3357 9153
2751 5413
9597 4088
2487 7997
7880 1821
8582 7850
5371 6368
2371 5816
2316 6365
6713 3971
1218 8847
3073 5183
2437 881
4089 7783
6343 5578
4592 888
7970 6783
9352 9598
1508 8742
1920 4699
499 3881
9746 423
2140 40
169 6242
4787 2382
1749 5917
156 2996
7469 2957
1632 1257
7385 4628
4072 7096
7269 6897
9520 9938
7789 5119
3406 81
647 8538
4363 6048
6884 4797
5308 2905
3105 1474
2436 2076
6593 4562
7214 3799
5811 830
6332 2971
6250 5622
4820 1256
1226 5386
9810 7726
6881 2921
1550 6832
5896 2085
3229 6380
1330 8507
551 8888
8082 8881
4108 8505
1602 9146
4033 5709
6528 8286
2930 4231
8771 2788
1600 9553
310 1842
9561 7118
695 186
6345 3077
4161 4325
8894 9638
4413 9555
5234 3797
5967 7277
4549 1863
316 205
550 4420
1951 9427
5562 4937
7454 3830
7514 7787
6298 3893
9304 5111
3805 3413
6656 8947
2458 866
4307 8681
8602 6722
6207 2617
9081 9050
413 9017
9897 6688
4726 4712
9475 3271
4066 1983
8002 4629
6294 8879
6974 626
6884 5516
6788 1163
3463 2164
9161 7337
5980 3704
9223 3951
1682 3094
9220 1225
6204 2310
208 25
4608 5601
937 6374
1789 4613
9222 7756
4336 9384
2242 5900
9567 9596
7685 2415
2360 4779
254 1354
1420 7010
1413 8181
5664 7654
8541 6258
9420 247
9989 8543
2864 7914
6174 7846
2937 451
695 7237
4966 9204
5600 9701
1119 6512
5304 6727
4298 8634
8508 3834
949 2391
7466 7870
9678 4670
4257 6778
8101 2006
4446 7212
4214 9092
4754 992
6123 1436
2122 3027
8664 816
3606 9286
8341 9351
8471 2375
3900 1595
9269 1476
4515 7138
838 1306
1950 4501
8445 5400
117 1663
8376 7416
6329 7236
2272 9110
3903 880
7531 2482
3842 4512
1976 7030
6197 3660
6439 7781
6351 5813
3418 4866
6931 1476
4821 2193
9970 7240
4110 5407
9699 1087
1547 2794
8913 4967
3666 4308
3506 7425
5647 7906
5374 7228
1831 5266
4160 7851
3144 5206
523 1547
2214 4035
2609 679
6268 1561
6737 5317
724 845
6367 6900
269 5342
3077 1282
3187 6421
1124 577
471 3627
7075 8207
6750 8220
9539 6294
634 8238
9007 5482
6348 1207
8589 9336
6249 6495
8822 8414
7897 1035
8322 2417
445 5448
3088 8400
6272 2164
1500 669
1912 2631
1286 7642
2422 7243
1342 4577
5255 1409
3992 5384
1145 9709
1246 2589
2880 9768
18 5340
3475 5558
4935 5857
1769 4985
5985 1632
5880 2088
4090 5098
7041 3843
9029 4338
2690 310
1084 264
1410 4072
3122 9801
829 3212
4740 606
1620 9991
3425 4702
6748 1404
4202 5826
9070 1026
8990 3899
9183 3080
1074 9723
4957 5310
8260 2545
6522 8843
6516 206
5043 8771
8734 851
5178 3189
4921 3467
3620 5138
495 2978
4609 3711
1646 5179
6355 5283
454 2004
7725 9632
8730 8236
6993 5493
6463 3966
4257 1144
6362 4517
1037 867
4254 7913
2513 8113
647 1532
1481 8924
