2000 1000
987 982
166 204
32 733
892 969
522 995
608 53
902 304
500 243
589 906
687 274
49 837
311 238
797 493
345 183
274 71
678 983
85 403
230 50
852 544
983 309
726 716
978 863
191 561
225 45
28 589
574 887
43 614
473 84
417 783
346 694
220 867
541 666
960 902
581 641
168 809
26 51
735 191
414 43
103 118
770 980
26 850
788 734
68 83
827 184
765 520
370 280
319 791
888 593
232 770
5 220
696 721
375 697
871 411
918 675
50 473
641 128
258 839
260 188
399 233
808 117
815 765
724 132
469 577
924 491
690 999
620 523
324 346
829 766
695 688
689 704
974 78
402 35
84 860
365 17
84 766
481 419
27 322
139 869
334 550
295 134
21 623
113 498
699 160
954 60
650 576
200 174
399 799
696 23
682 568
387 955
964 487
570 797
120 287
920 171
114 733
901 292
959 643
147 65
804 839
654 456
224 607
22 93
115 30
764 858
513 105
495 758
88 841
713 0
117 148
480 226
403 570
82 21
713 171
220 929
287 730
596 87
70 688
859 485
446 192
331 503
752 427
75 780
178 137
484 107
432 335
569 112
24 471
952 446
249 865
529 271
739 126
88 129
556 375
38 605
383 630
13 199
486 911
426 56
496 861
722 365
167 848
464 943
146 797
816 552
62 985
253 808
283 191
863 376
972 452
694 528
883 608
741 794
503 613
422 17
813 649
737 776
541 652
813 571
887 942
693 346
410 106
497 42
71 52
776 18
282 734
271 203
246 925
560 978
628 609
277 992
506 9
166 655
102 749
98 58
776 706
757 973
816 345
614 329
405 986
392 259
23 72
168 957
78 432
229 81
633 372
30 341
438 94
585 466
34 400
177 74
92 979
340 145
870 112
806 303
808 164
124 390
758 80
647 418
649 444
579 224
991 732
227 96
40 243
164 622
91 666
856 504
477 295
686 364
232 75
322 549
536 510
933 108
656 823
474 851
449 189
68 831
344 449
875 692
424 487
666 692
753 493
798 906
362 531
607 248
359 447
930 212
662 576
318 126
323 347
111 196
236 993
331 813
288 183
187 517
460 338
77 123
765 129
435 880
219 929
400 526
854 896
810 718
148 43
468 711
231 767
323 424
543 43
156 13
549 880
657 971
425 205
554 376
285 495
561 132
725 558
717 249
999 416
17 609
186 32
464 698
172 318
48 147
99 120
486 102
982 814
265 472
220 971
398 851
300 380
76 664
437 649
329 623
720 562
846 248
608 901
796 544
264 334
589 964
979 996
856 829
90 190
962 552
132 410
529 95
456 535
24 369
126 761
880 723
925 405
595 515
558 259
403 179
282 572
799 423
846 351
48 532
508 168
639 513
478 912
612 340
525 742
539 99
552 70
474 684
652 920
841 531
973 489
988 532
612 733
81 357
239 263
192 24
186 642
564 83
618 652
42 857
518 962
851 138
434 564
722 315
252 900
965 489
953 962
851 151
240 707
391 561
958 730
137 591
379 774
558 463
759 244
978 16
193 683
220 876
513 503
665 979
625 249
857 48
851 800
86 566
240 769
96 182
218 205
453 782
539 452
291 328
790 552
500 68
12 754
141 936
770 442
450 895
442 952
481 24
89 573
660 767
940 226
600 79
306 954
140 472
591 566
486 37
943 767
269 463
87 793
904 812
604 301
361 989
557 361
64 232
460 399
627 708
87 325
281 394
723 305
218 945
624 355
230 298
115 634
886 94
211 462
509 324
302 94
958 682
9 424
801 49
679 881
849 657
175 161
81 718
325 183
287 855
589 654
524 2
328 761
951 452
103 796
585 126
948 222
52 853
692 650
992 960
348 258
268 680
946 341
64 398
50 372
794 979
675 894
64 818
704 815
428 761
872 708
555 97
603 266
356 885
619 24
428 391
871 880
427 508
977 75
799 723
550 500
138 943
77 395
431 997
677 13
217 84
256 333
627 620
367 501
274 636
583 375
689 905
259 978
285 548
267 217
890 981
530 77
254 657
993 856
362 124
972 745
116 641
965 39
371 104
713 501
381 705
511 637
672 341
705 985
654 858
621 610
59 480
131 412
118 260
222 746
445 609
977 930
549 263
938 677
18 569
412 163
991 482
796 175
834 109
86 160
627 677
741 580
651 79
419 623
734 140
132 243
656 346
603 87
1 53
943 912
784 224
539 61
667 142
582 827
502 212
624 44
430 543
426 793
548 475
524 429
765 792
497 491
360 828
190 552
99 394
494 440
15 674
773 150
680 661
754 394
184 574
916 875
379 435
97 934
884 304
699 865
537 551
59 505
663 321
236 503
493 976
120 450
859 12
471 317
850 809
444 653
521 119
605 203
428 545
100 431
8 308
832 479
379 900
97 208
740 870
890 294
450 807
128 81
76 347
515 350
345 0
108 368
140 520
253 596
747 411
78 556
70 404
670 422
608 211
12 846
469 994
316 408
265 192
852 391
706 832
969 895
340 298
195 339
615 868
341 379
801 251
346 565
262 118
620 247
518 273
755 833
534 383
686 564
613 38
409 958
209 711
603 516
872 796
988 261
715 999
935 15
311 185
348 453
892 841
843 445
677 223
785 505
384 619
427 358
68 917
782 53
266 995
189 128
829 541
239 581
288 58
187 446
712 110
982 195
662 648
280 146
112 748
501 652
468 391
506 923
983 910
27 829
3 779
607 43
61 104
175 667
489 618
232 423
903 859
97 19
712 42
979 564
733 433
170 804
701 7
987 586
524 556
948 948
334 57
308 388
57 47
71 493
834 257
129 257
221 811
725 109
39 294
543 196
149 690
905 435
856 399
271 78
718 581
28 724
692 705
311 845
373 606
372 528
18 511
852 881
147 836
349 289
620 517
240 331
401 371
545 416
786 768
534 314
270 784
176 190
541 462
228 253
649 334
247 394
768 334
731 486
295 11
767 457
818 751
926 988
828 953
794 358
2 301
263 627
87 943
842 314
659 284
653 583
851 827
173 829
294 137
806 671
479 627
793 756
774 405
120 545
574 215
842 14
219 921
936 363
180 863
463 935
284 812
389 963
320 768
123 215
712 329
222 298
995 537
281 793
519 258
401 185
527 559
525 632
127 332
506 760
867 612
959 643
158 427
702 566
606 461
48 909
856 514
431 482
463 955
355 953
234 786
268 355
893 447
410 421
992 511
576 96
829 273
540 353
592 737
134 586
577 51
883 617
948 243
244 290
89 986
817 878
898 920
154 686
828 493
916 270
973 646
535 294
334 329
10 498
811 776
311 200
166 199
842 795
159 603
814 697
156 79
422 235
683 79
556 39
548 702
364 91
991 838
844 573
477 109
547 819
372 605
946 614
61 370
228 363
858 233
867 855
302 489
741 363
561 871
12 965
493 536
701 565
877 299
888 777
539 37
75 292
266 140
124 332
197 670
719 895
419 800
290 798
118 885
328 252
189 824
571 273
573 290
348 268
443 31
776 718
421 410
504 525
585 757
399 569
435 760
191 269
642 759
31 600
270 53
298 364
103 957
512 800
367 805
558 813
784 731
704 744
696 746
813 535
609 554
345 929
368 898
583 631
465 62
32 952
563 397
381 248
882 240
10 165
882 534
494 828
126 423
68 684
270 916
937 975
321 127
136 646
179 644
873 120
7 616
49 899
772 158
952 771
272 340
370 144
552 943
18 843
762 667
247 233
481 782
97 120
417 698
52 648
535 71
865 638
216 748
406 184
93 667
955 241
60 594
691 904
289 609
521 937
859 469
338 765
283 744
983 540
109 123
50 809
72 451
61 321
397 876
89 862
502 170
431 33
37 306
899 698
207 543
422 961
162 775
489 484
320 16
713 771
649 13
912 924
817 161
385 963
720 28
82 555
65 255
17 927
226 723
382 7
927 55
573 512
180 734
930 330
670 947
904 528
528 760
203 885
746 951
319 212
295 584
450 807
814 539
991 891
341 458
295 51
241 938
436 337
994 457
409 158
132 630
763 138
634 184
989 449
970 614
927 333
852 52
389 964
14 773
904 158
69 912
577 903
456 845
635 287
38 430
802 647
815 482
227 519
185 82
381 6
276 844
874 489
572 557
438 863
523 387
666 75
298 890
732 951
535 68
325 632
337 372
303 987
879 623
758 136
558 387
152 202
607 710
743 501
352 295
320 689
803 845
695 762
548 939
764 821
312 491
898 552
344 42
638 211
751 240
636 226
71 314
136 123
633 41
64 713
177 188
870 574
626 724
220 649
864 596
457 228
323 327
816 532
423 541
302 408
754 688
637 909
22 530
13 204
611 189
778 454
326 672
944 10
210 452
472 137
571 573
189 293
440 202
170 816
157 980
866 206
901 347
435 265
386 272
962 819
623 447
790 528
515 848
145 820
261 480
692 516
795 668
152 83
325 188
520 398
864 504
308 625
501 420
334 983
130 216
792 154
546 47
422 42
268 739
804 528
252 119
235 348
738 282
72 324
213 121
526 598
46 463
873 460
829 246
705 887
594 540
268 681
956 272
752 891
592 740
914 499
936 135
575 443
819 735
545 337
877 59
460 774
558 206
358 865
315 771
544 75
84 160
92 268
49 369
800 428
689 755
401 742
870 346
797 431
621 272
86 389
245 113
134 103
526 213
502 657
407 878
749 454
442 841
299 72
481 621
268 129
206 859
314 435
764 770
12 257
970 143
272 43
447 784
994 640
592 591
98 921
431 727
889 977
599 513
408 496
483 333
695 252
686 470
306 226
753 316
383 896
316 999
374 14
806 744
565 580
708 327
187 283
954 326
515 849
800 394
328 956
918 669
53 412
869 387
766 940
815 658
376 94
158 321
803 452
156 373
538 455
990 778
772 225
445 500
232 577
653 859
861 922
511 354
146 977
484 584
729 302
366 268
82 172
359 823
449 201
554 518
453 771
566 19
333 975
101 555
252 958
668 841
439 872
136 64
687 774
177 399
619 5
118 777
118 548
431 606
219 269
3 18
501 246
444 252
401 92
28 817
359 611
463 608
442 95
479 427
952 85
667 943
267 786
974 512
286 423
181 796
269 685
424 600
241 715
653 970
105 311
272 557
92 561
954 60
810 497
484 984
861 123
695 459
930 57
942 860
504 979
635 488
768 490
543 799
36 382
931 855
564 153
258 873
676 533
823 249
579 357
850 388
376 710
441 377
59 615
461 30
982 762
14 35
711 510
237 967
47 826
603 440
869 857
945 659
396 596
822 933
38 48
169 426
248 571
763 525
685 770
985 17
270 729
492 926
791 820
206 143
275 886
107 890
150 734
670 992
63 282
668 896
624 425
305 985
312 715
792 865
725 729
804 189
738 487
803 223
630 681
35 25
576 217
403 465
126 300
984 248
786 529
419 167
953 799
336 733
510 215
962 849
2 743
717 103
104 363
211 994
7 950
924 238
294 332
465 114
37 483
149 185
75 310
552 348
667 333
77 280
544 694
597 453
165 553
111 349
637 239
581 633
538 377
989 188
682 549
454 926
988 925
260 823
112 796
207 705
74 939
841 822
143 617
691 394
457 237
679 539
481 88
27 708
416 203
838 310
2 750
478 267
197 168
944 886
403 821
534 787
221 104
201 971
812 838
423 910
733 603
398 907
521 169
46 199
829 825
78 80
218 37
791 408
963 100
20 607
731 992
588 237
274 330
216 615
51 687
34 858
402 963
920 42
822 437
484 601
994 870
770 349
730 331
611 146
847 330
615 522
914 374
639 984
635 709
590 280
569 218
458 70
468 701
948 464
138 118
196 387
580 104
877 340
50 618
337 57
304 731
190 416
193 389
696 659
402 486
221 697
640 507
307 505
183 970
139 685
615 37
994 373
133 6
252 343
985 156
788 682
896 660
675 998
112 525
426 594
693 347
535 190
264 622
338 253
683 680
889 907
94 279
601 179
82 466
921 181
125 219
661 865
189 440
861 631
765 32
65 845
400 330
325 900
710 918
187 823
713 890
852 591
85 201
177 71
404 720
453 538
120 527
337 69
96 723
530 444
435 157
622 685
557 865
75 455
214 589
636 660
988 905
190 129
203 845
401 362
289 332
231 801
297 955
593 987
235 384
671 355
658 731
962 909
516 212
208 77
76 832
580 723
440 108
695 70
228 661
582 142
223 177
150 619
885 703
547 985
444 718
18 601
987 282
611 66
698 522
767 893
10 410
432 904
340 287
598 26
578 798
684 221
982 245
733 950
916 121
892 850
956 699
986 357
621 704
198 269
708 734
500 707
31 483
145 357
437 739
826 689
370 717
624 546
120 971
224 457
303 506
743 447
621 963
951 743
684 354
555 274
50 842
106 720
727 874
199 284
150 114
380 442
467 881
762 271
230 874
669 17
521 657
612 617
899 952
655 271
33 61
51 950
639 553
74 422
840 217
154 725
666 552
963 26
695 396
459 729
296 555
716 92
710 62
154 819
97 381
351 711
292 724
834 572
989 873
366 578
579 961
638 38
544 108
200 479
705 783
950 143
168 641
831 656
510 300
649 444
12 198
54 71
355 264
869 158
340 759
781 613
424 10
5 359
503 847
75 693
711 721
865 51
709 172
506 102
981 792
245 209
893 87
81 687
394 127
354 465
811 858
986 299
252 644
221 420
593 262
128 302
164 495
604 271
338 237
976 795
423 549
163 274
412 875
161 493
24 656
577 877
545 277
453 837
720 459
875 154
886 720
112 530
521 55
338 973
45 265
167 117
185 693
7 207
128 182
332 591
153 27
943 627
500 969
920 621
307 2
516 713
614 359
768 48
170 812
801 84
366 92
181 531
857 263
271 724
969 86
638 328
696 595
946 147
276 511
42 68
940 787
828 946
466 976
323 395
437 975
138 816
378 307
486 578
778 373
405 540
21 605
286 328
333 501
803 737
818 299
65 408
551 416
559 441
784 228
789 760
409 970
805 363
9 707
724 560
593 9
235 906
633 346
996 548
595 404
371 889
843 420
247 801
964 558
274 492
508 536
815 528
760 341
341 802
50 937
775 610
185 36
986 688
915 267
952 53
400 362
799 155
474 482
88 938
571 908
140 687
901 444
330 311
497 283
128 15
232 703
64 489
481 506
703 429
628 868
617 390
671 214
663 536
681 533
793 778
625 508
403 508
810 353
388 444
745 50
220 23
837 431
9 751
233 333
316 56
328 895
674 658
636 938
138 358
942 699
896 305
850 84
619 3
643 348
171 662
76 715
611 389
917 415
194 127
102 396
855 372
912 761
249 113
715 621
379 773
395 563
845 150
550 283
542 333
905 373
259 272
780 414
501 834
623 852
410 371
194 330
82 321
14 525
759 378
486 874
473 679
409 76
143 420
874 10
65 33
638 420
401 968
836 584
395 830
548 793
296 227
817 552
217 922
400 897
493 255
753 315
193 17
651 777
635 362
300 485
901 849
660 120
672 832
779 731
960 176
133 899
499 727
872 498
63 515
616 626
164 81
850 140
114 517
242 914
580 1
415 403
333 613
865 179
67 664
763 882
469 27
22 74
615 993
441 459
802 223
835 704
671 361
512 230
13 329
121 165
169 458
749 878
918 736
38 559
165 602
894 474
933 205
179 83
667 436
274 608
725 86
534 309
702 694
648 26
786 801
350 641
677 293
197 302
513 266
298 593
403 620
120 748
338 144
525 767
342 804
25 817
62 386
814 715
182 730
236 716
812 272
978 954
708 983
830 488
706 202
880 388
745 114
808 833
641 762
102 200
835 101
929 952
566 916
971 146
899 262
260 848
237 210
509 379
314 253
720 598
13 524
339 834
671 493
196 836
207 749
27 237
102 827
282 842
484 894
308 365
169 618
932 122
637 126
463 856
427 880
879 362
190 870
379 831
250 753
228 721
111 385
111 637
193 681
192 629
250 333
244 253
871 787
459 666
764 559
9 225
868 907
265 721
763 586
334 763
193 247
826 196
132 678
775 981
714 206
113 36
498 378
660 306
728 103
380 59
523 470
660 11
807 5
43 810
100 166
454 986
827 753
1 347
519 808
738 720
55 608
400 481
271 727
740 204
825 177
434 886
624 270
973 935
437 492
589 840
126 954
262 807
70 840
963 468
779 23
352 44
884 700
616 822
772 226
153 904
265 236
137 855
771 922
628 184
125 237
211 102
20 40
507 370
259 551
544 746
712 603
958 558
485 810
413 238
163 351
533 254
751 801
251 674
547 841
160 808
521 145
286 817
578 765
748 320
335 746
984 826
689 668
387 775
539 793
582 667
359 932
471 614
651 66
897 49
286 104
297 596
857 385
891 726
498 53
542 905
486 796
914 349
683 564
354 375
161 847
616 25
213 920
454 140
139 814
372 224
480 895
885 246
4 75
522 685
771 565
917 21
181 674
303 493
637 876
989 364
882 210
53 372
567 166
31 313
324 457
701 723
801 899
293 691
738 949
596 186
478 75
297 559
178 315
940 725
530 555
717 110
348 907
120 262
391 653
821 749
618 142
29 263
304 746
220 20
800 795
822 52
149 609
125 115
255 960
926 433
581 729
724 230
427 885
657 253
4 198
72 293
652 760
57 291
581 907
709 388
581 660
851 542
13 398
90 238
884 181
223 930
843 186
880 819
787 508
708 726
945 440
684 391
150 952
292 762
261 532
342 260
535 942
735 213
671 8
195 581
847 1
975 135
9 149
764 759
518 986
190 731
292 489
565 102
602 249
161 663
330 484
91 737
469 172
523 741
529 658
246 186
252 294
390 407
138 806
660 776
440 292
5 511
228 530
17 434
90 66
438 526
278 99
821 207
514 927
940 528
98 708
774 820
561 862
248 452
147 736
26 545
21 829
724 262
455 480
161 809
646 361
382 689
982 450
329 838
296 127
813 879
222 973
721 573
588 280
351 713
709 180
887 968
703 494
854 996
261 502
720 344
991 800
535 830
582 804
670 707
181 128
987 909
580 712
334 84
753 240
761 856
798 813
346 925
496 471
890 492
491 799
681 194
854 464
710 954
541 6
996 973
951 810
924 849
302 635
711 619
104 259
977 856
486 933
9 50
155 555
742 859
419 178
840 444
424 673
853 848
505 127
637 12
381 446
