1000 2000
400 317
420 1216
1410 1268
625 633
1135 1649
526 834
289 1082
1332 649
1919 136
1745 828
775 750
144 1115
1964 1395
489 1063
841 795
1176 965
1745 204
1440 830
1183 1899
1609 1292
946 30
889 265
623 909
887 1020
222 363
1157 1588
1741 1519
1567 1825
190 799
262 794
737 103
1962 1599
1937 1165
350 461
197 1508
1849 1687
1428 1419
1346 93
1724 1342
449 878
576 1216
1083 1338
1755 349
1686 139
1621 616
65 1056
389 881
411 1564
1483 1819
1899 852
500 1377
689 1354
1484 65
1127 1348
1263 507
949 352
859 1664
126 446
1261 1810
1000 848
309 1873
1524 1122
941 504
1079 468
494 553
1865 679
895 965
570 1597
132 154
1113 1246
983 309
162 289
621 1677
84 365
1430 655
1536 949
1624 1417
1967 1129
1551 1104
420 1689
1669 1518
578 264
1913 1453
1145 243
1799 691
1271 1136
1204 54
1110 1484
775 163
1432 1204
943 1083
436 507
381 1101
1423 1761
1050 676
1240 1618
1534 1686
615 294
622 1609
49 846
350 1620
1033 909
738 458
345 318
78 978
1604 1174
420 1016
694 1558
1975 1556
1888 1368
164 104
836 516
1858 1315
369 1905
23 1019
448 970
915 631
921 1332
1960 1493
1576 613
925 1102
265 1991
463 1852
1905 596
1441 377
268 1024
381 1449
1898 158
1282 87
1939 1040
1197 136
1264 1203
1971 1171
1516 479
378 591
1212 731
344 1491
1167 1294
440 1761
701 1149
663 1565
618 1837
1965 1677
860 1046
14 569
293 371
1257 1949
748 504
1561 267
606 525
1484 424
1436 543
1949 1953
1921 1012
143 1399
1954 954
288 1357
89 334
1456 1818
1345 1283
1085 1087
409 1511
1006 1170
965 243
1311 1758
1361 1495
1239 679
696 1904
337 1070
95 1910
318 1922
1039 671
272 1185
1269 207
1247 110
1871 1502
726 279
378 652
1807 1660
863 206
1396 1186
525 1395
634 943
109 1537
1443 1606
832 1550
188 1385
1790 1034
89 474
1331 686
539 837
1649 48
310 21
944 1393
1104 1635
1332 1068
1398 1145
67 626
878 1223
177 1571
1793 1773
490 568
1723 1205
749 1686
1205 816
346 1733
683 1177
520 1353
1676 1445
1432 488
1514 1524
392 1140
7 1040
1771 1208
22 433
516 321
520 1573
722 384
869 1039
88 316
1972 245
884 1987
1466 551
99 10
1328 235
1964 1583
492 266
358 36
648 144
688 1952
1375 825
1293 1456
385 216
1248 389
1049 20
1878 1299
1473 1758
160 1516
929 987
706 1159
547 740
990 1572
1339 681
162 204
868 1100
1977 1023
752 263
1559 330
753 1686
147 498
1483 1610
1779 764
1633 1299
140 462
1275 1381
1890 506
331 1185
655 460
1376 1105
1949 358
1141 1719
1525 62
379 85
434 823
1218 1235
670 795
637 56
1245 1687
1380 1147
949 810
819 552
175 1888
159 1634
1505 590
1484 967
689 1177
1218 1545
484 1839
942 1261
1200 418
897 1239
927 1142
1902 71
1503 1089
1023 1308
1863 96
242 1289
787 132
1710 1645
702 1983
1569 282
865 916
934 607
280 1113
915 100
1584 769
1059 800
1146 140
1097 1494
1033 1199
1951 722
1158 1713
1228 668
1945 514
990 427
1401 630
670 1792
125 1992
1688 1832
1730 1573
1142 1360
1889 509
807 176
510 964
330 1798
1533 1964
641 1048
198 51
1220 1388
649 1160
1266 934
1491 254
1617 1832
424 1897
1863 1113
1931 1923
1857 380
525 897
677 1493
1 418
381 1524
1822 494
826 935
1961 688
1035 431
686 161
1764 226
1556 1901
1341 1015
850 782
244 43
1337 1524
6 635
1832 1707
1248 243
613 1508
1142 17
1079 1078
763 1020
181 1408
1754 1114
455 1807
1864 1133
194 449
1882 678
140 1188
693 288
1940 1240
1844 1739
1079 638
345 1714
1140 490
550 750
862 1620
198 1498
1515 724
1696 434
768 1575
946 1902
1100 716
827 674
347 1049
1148 943
313 1851
484 229
345 1722
1753 1364
1161 836
1059 1707
1236 1839
542 1953
584 904
896 1151
664 1828
717 1405
1093 1408
1112 280
1734 387
24 1889
646 1993
1582 971
335 394
935 1671
106 872
775 326
56 318
1691 1169
657 704
566 1189
56 215
18 1850
1017 1037
267 1399
1629 1524
977 30
759 1133
169 1081
1818 113
455 1420
526 1729
1372 306
1271 1416
925 1954
1964 652
323 1983
727 429
661 1171
652 1678
1349 615
1381 486
754 1503
128 1834
505 1448
1620 1261
895 269
10 251
1995 580
201 693
1267 1962
173 408
317 1004
85 398
1454 1230
194 24
1202 603
1475 1883
103 196
41 824
1178 1023
1707 1805
497 1875
1209 429
935 1690
384 31
1285 608
1465 1689
624 945
232 827
636 1954
1753 270
421 1536
1503 1986
1462 502
1176 252
980 108
1600 1963
1106 477
1349 1636
1339 657
533 1044
967 1991
1336 97
1016 1862
1570 1907
1304 96
576 437
750 993
851 184
1166 645
227 1772
891 1217
675 89
1410 691
1687 765
946 1917
1888 50
1013 1765
1634 1395
1312 192
1660 953
260 1644
695 41
365 42
449 1458
1436 943
1327 1034
424 421
508 477
1328 960
1130 998
882 1616
1745 840
1470 956
1658 802
273 196
1516 1931
1300 1160
1761 1693
142 1812
1481 1073
1492 400
659 714
1607 1239
896 1770
3 1
512 1439
1813 1686
565 298
958 172
170 289
855 868
765 1065
1493 1005
1287 393
1196 785
304 204
1073 1600
20 1234
689 1970
1511 714
28 980
1927 1606
526 187
920 764
222 1760
17 452
1769 1314
1458 52
421 1796
1386 1450
503 498
907 1197
1176 365
949 403
1402 401
291 1490
43 143
635 1664
1055 1347
1461 1421
494 590
234 463
127 541
743 1953
35 923
1770 1620
1752 1482
417 1487
807 790
1780 541
1245 1748
1043 672
768 7
1690 899
1254 1363
672 1178
1461 12
296 1106
1835 1665
1033 1657
1014 1599
566 117
916 415
1672 766
656 446
661 1264
1365 997
1110 997
1666 1122
53 903
803 1455
517 1766
1432 490
953 343
1138 1055
1075 389
1130 1737
1355 770
1534 1500
881 110
924 1786
1699 1804
1321 461
1893 1418
1218 1631
169 95
1762 847
1434 1278
583 784
1381 1208
1517 908
799 206
971 992
485 406
1621 1898
1253 1506
999 1498
427 492
744 498
275 280
1107 285
1064 753
1956 686
12 1197
523 68
859 1463
1976 774
1330 1089
78 1459
969 1808
1474 1088
94 252
407 570
795 590
1312 728
1127 51
1744 778
242 253
678 672
1128 1916
1162 1929
1762 1451
94 855
997 933
168 327
1871 1519
332 206
312 1863
391 1924
313 1033
1782 1767
781 1975
897 1203
1898 218
1056 995
1218 943
1091 606
273 1760
1068 958
14 1407
1107 517
53 66
292 1564
187 1689
482 534
1208 1942
1865 64
1547 1484
521 1658
769 1041
857 1041
1288 1106
989 1001
945 64
1348 1002
564 374
299 1282
372 1180
1447 910
118 1499
680 807
1075 1240
846 549
230 1142
1445 229
1905 843
514 22
524 1568
793 320
21 1794
763 1391
1225 215
1326 309
145 997
1125 1418
1287 1051
1989 1068
1359 945
1135 1021
1914 588
1648 1031
743 1544
1475 1394
861 1307
1349 1612
1410 1772
1281 125
414 1990
1812 1844
545 232
1712 1413
912 1539
201 217
1908 892
1993 255
596 1574
166 668
229 1520
716 1151
649 1964
1993 1934
765 1670
881 1913
269 311
969 1405
319 288
1020 1131
1739 691
1469 1373
587 240
1810 694
1439 711
1025 706
467 1147
521 849
1879 610
164 645
1437 1548
499 38
1419 1200
1064 557
1151 1389
1980 1802
150 125
169 1574
712 249
1176 1073
641 202
1224 1612
1338 94
815 504
1398 670
492 1381
415 462
66 227
1649 856
402 1638
1858 301
344 181
1795 1217
450 285
948 137
335 943
184 86
1311 1008
1670 1611
529 41
1427 1630
459 948
1906 1593
496 1623
896 1957
1109 687
848 64
909 824
1738 1860
885 1245
17 1498
202 1487
1711 376
146 960
924 759
1373 1999
1696 1401
139 802
1813 1388
67 294
1540 235
1112 1989
285 159
1981 716
1368 1535
1967 1991
1970 6
1245 587
890 1130
1681 1967
631 1994
723 1591
328 1678
1158 52
1931 1220
834 1181
16 60
1894 1291
977 602
187 750
1087 1386
1222 1665
1313 821
279 1866
644 1553
1580 1903
619 447
307 1003
468 1759
1797 1184
87 1328
254 993
543 161
1309 344
1982 1051
456 606
453 359
980 1972
1356 1373
1575 567
1582 1111
359 384
1789 1246
1423 1455
1186 14
544 1696
521 1744
141 524
1120 1298
22 203
710 614
49 1048
298 485
1529 1074
1111 681
432 86
1496 736
87 1470
1523 1829
1369 1352
1247 1653
1560 1034
1035 1779
776 370
1677 1210
1423 591
1980 1280
1606 928
1329 571
722 213
1518 1850
1232 876
1223 621
1841 1402
830 83
1082 1614
858 411
949 1839
1156 767
1984 1758
1760 33
341 302
315 1497
1398 878
610 1370
1320 1296
863 1939
561 537
1479 425
1161 1870
1775 1760
1877 297
899 193
1475 1429
1722 1003
48 1922
859 555
779 1150
1170 1157
696 362
1159 1078
1668 1958
411 1537
984 1631
849 336
187 1943
21 252
1411 626
928 1265
277 1023
1200 543
1821 1934
1141 417
1150 219
278 80
1545 1446
622 950
1188 1703
572 1380
364 1252
610 1567
1790 332
1726 1760
1577 459
919 1351
1874 1112
1959 619
857 344
1297 457
1697 1238
847 1647
1009 629
1457 1463
960 703
1857 255
1627 1155
361 1101
1790 932
331 953
1405 1795
1765 1859
1605 815
898 824
1476 1862
1403 1395
1170 28
693 1135
1674 464
264 281
1536 1681
818 1695
1202 1629
1268 580
922 1044
493 1915
940 1903
1796 1747
33 175
679 503
1169 1578
1653 272
1098 1944
1010 1424
20 151
1303 659
615 1396
1360 1998
477 337
564 1995
1201 561
641 1965
1914 653
1307 1081
1460 1444
1763 943
414 1135
1556 1667
1615 267
1435 1442
46 1797
1149 1623
870 1936
1505 1356
1555 32
309 1464
1426 1670
922 795
1270 109
72 1664
354 1708
398 866
379 683
1356 1276
408 542
1087 1466
45 1440
1160 765
1996 1524
1068 180
462 976
1687 1765
668 559
773 1138
576 1104
1353 507
1264 1686
712 984
20 303
1395 842
795 709
1563 236
1467 904
549 1687
618 976
1615 217
856 883
1207 1289
1078 40
1963 1393
184 400
1186 519
1593 654
738 509
622 1674
1195 1064
1124 876
942 1100
1548 684
1616 519
241 1644
379 907
36 33
744 569
