1000 1000000
498687 750251
128354 967661
786492 124353
284519 821331
424606 139190
814425 921741
493721 930815
269671 194383
580452 241222
954425 339055
133396 177132
885721 39438
951166 453565
755425 990166
274856 670880
239869 68836
504845 820246
967295 398958
84446 797802
852541 221301
275892 349572
475341 932585
526084 168050
960553 592270
933030 964898
7015 804858
570581 124637
192129 760651
963494 689608
884379 537043
857615 183377
230664 264476
424824 874553
74574 78484
358027 306122
258493 573062
685740 750521
606195 388808
303231 17217
800285 361239
961561 684904
296265 943673
65119 767260
98010 618386
964000 918043
39717 83331
663052 992095
671148 688660
668924 849751
366867 116986
261529 235377
842274 373245
105440 265956
343320 626265
836563 764205
483164 15072
290710 268578
940828 624622
202815 880129
131138 304928
488565 653889
806156 92605
126926 269231
494727 171847
980838 937151
663343 314833
532068 355212
934642 209522
257369 640902
183179 686039
392010 260810
982451 636382
802470 536544
773474 507611
789819 750172
512387 149677
658656 244820
286338 192120
8132 804126
934833 496339
373407 450962
989144 817119
877812 824314
276365 255826
998942 601338
415198 706790
733402 454930
707377 210484
11884 801868
800808 216728
224823 170907
222058 202533
184107 504513
673651 262023
224710 6636
859597 301794
309346 417292
54412 400044
36624 338488
201936 239184
440699 864971
586500 303414
228538 549254
909523 171700
67735 793126
258457 272750
415134 554631
239758 377840
799070 476230
388086 990482
530706 865955
601951 193371
523708 697939
249383 981793
185603 703021
923477 526521
376596 476350
388930 618218
778242 310633
616029 614837
506842 414905
466215 996308
789226 321759
304924 442639
274173 47066
389160 320404
113439 872144
871332 750827
31423 697163
523129 758865
102228 328539
488067 75472
139564 870716
941464 280421
624738 315160
593064 545839
396024 547208
661641 855636
559817 568354
273522 367653
169118 395282
339695 263253
602593 424864
360315 60370
135322 809300
878612 583256
764334 356059
619699 843842
781279 584202
838359 802067
58018 887186
925594 314345
207502 844010
553282 101480
805100 305569
683341 971738
212659 287653
727957 953571
411184 667921
771789 389690
701162 546234
120516 833651
88475 214584
275950 154347
490596 940389
310454 503152
420822 441274
333937 904977
593251 314234
745315 599404
812285 920642
139194 542888
533516 235462
681047 696611
768283 817614
43021 764826
638540 996289
921365 330040
807424 185100
409670 302222
232090 165632
238051 494085
367705 659618
372353 525430
593582 794109
947783 135068
642410 332652
74466 941690
779597 767935
122974 363300
752378 159287
853464 673519
159846 995412
90633 817729
114184 934632
782539 346845
532800 116486
372779 865030
365125 765563
363243 476107
762676 814031
515379 871831
612061 370274
939237 600100
402887 506562
993378 689649
750798 308327
929540 388835
550579 660762
621785 434230
714661 514471
528115 829696
106784 801995
223318 340886
960435 218813
695393 396572
839394 230334
798078 962579
450014 525928
764482 191586
923566 566262
496340 793922
557625 609735
741490 589318
558676 395745
164964 373312
340205 943182
141236 847839
740146 15787
714899 653888
840183 892533
260245 887133
881969 678825
253408 568103
462157 890557
833201 230470
743266 319860
743335 55142
345968 609466
137725 389328
731507 486479
481467 792214
963859 941687
816160 717694
235017 74260
560890 331241
270348 602611
942607 497896
982402 675176
284924 586091
356267 932526
291478 725394
648486 12679
103796 218612
524821 229729
28627 198263
100593 205774
741529 75377
81569 668824
134018 936232
873221 589125
590579 21998
64468 428330
219634 503003
190627 207473
515894 690174
898677 178565
296795 39286
74799 702553
165363 266705
159399 218860
689561 933871
915272 484336
82361 859381
213637 630824
798013 861530
928876 450657
997910 372526
936847 481962
528654 54407
377391 397850
918955 801880
758781 690328
594976 833679
845007 31545
355680 223445
672063 897637
606815 278799
368271 334560
801359 172299
494557 990448
173112 580258
275061 102483
720527 358119
914857 385060
449342 781289
865354 869313
779374 188077
653308 957441
266073 147843
805122 530339
783613 982519
80611 477295
888792 810780
153789 405627
766050 794953
782505 30825
7630 39418
528701 808126
627311 126248
253106 876713
621510 837639
716520 220359
488930 992796
126393 376071
403705 246976
248882 768997
584259 585702
24577 476551
682572 966884
97193 506723
153641 699995
507782 283764
439250 747279
415852 486750
159163 831919
269736 858607
217812 851531
853556 681534
466041 73429
931311 402855
774234 203778
858852 960657
568161 855871
436344 59157
384923 809611
147493 944082
484681 620419
337024 158402
65687 561805
469215 491258
768564 675608
633467 381756
304029 508830
464763 308917
843565 364030
871423 434560
849001 718044
211991 88059
982250 139279
494917 926713
187157 187627
878831 534661
393441 83565
954002 995846
262495 787529
419725 368803
486319 688787
842920 955216
87120 961036
116932 657674
76589 966886
109804 136741
854338 308380
830148 855459
746110 136746
259275 452647
450742 642925
552082 773898
434987 550589
79765 638971
344117 267010
836484 159434
10759 952507
219966 875029
3770 590711
18168 642573
35300 333171
13597 673593
215503 45606
615465 385876
550443 715505
896630 606804
509378 615725
338927 751975
924139 859732
526837 774453
364703 19999
230658 142602
262367 734526
385565 174047
2816 140459
352755 301771
433804 79999
86384 205129
596944 520995
470584 491094
731863 684305
469204 356967
25062 444545
644811 173928
892438 224690
930235 374890
627151 61349
797632 16077
727156 306384
701319 693285
674706 439000
451786 590720
982671 840569
703129 350438
820725 325856
205285 598801
467352 129709
19901 554502
890386 968298
758505 476009
132397 788927
639097 225036
295395 85623
901488 711072
99633 118029
639410 434379
681027 509588
649615 669981
591468 123445
575115 379866
100367 121301
477478 331752
559746 685105
775436 531527
18346 721673
180357 509331
492898 899038
483706 593552
139250 230617
199847 544585
888591 506727
942695 765371
329962 966597
388200 680409
604982 384476
886268 148799
124162 510804
499140 600669
154813 713092
718910 619976
406447 94702
821707 808667
989881 855673
60521 725896
205047 146397
993856 350835
774417 228534
653118 786666
507890 859961
560475 365751
199886 467351
762600 72121
85397 784573
296810 949981
775639 798681
302613 961416
496449 815782
625091 797961
678697 802342
198808 993675
648991 593163
814491 198976
19264 595741
620052 957519
332747 601171
30579 100198
184219 544314
146507 829982
125175 967315
731401 968336
574281 497152
4933 744424
435482 233361
832312 132005
923275 698558
157383 933868
142400 152356
105530 515116
838250 803473
153175 899364
156307 527340
692972 957431
598264 340266
878326 670405
781727 726845
823445 345999
149756 604789
195189 559845
803365 929290
925555 915663
615920 346294
60700 961255
166294 192592
449299 509454
781005 612023
298134 889144
176400 363895
234505 254228
748813 445674
978213 762996
714560 57974
728389 214574
462626 53175
524216 581394
72788 402144
620076 174295
904180 847163
896444 91980
977634 969195
88695 991592
412922 788357
30143 102782
638361 413130
387357 9284
455036 179568
678986 967329
45333 830096
369495 699207
63427 161057
953311 934592
354312 979419
456819 616108
867919 286365
417206 10194
411419 645640
4831 794991
785934 43684
280425 812667
572196 369201
609807 284472
60100 626648
650038 349005
336371 732555
427995 268274
860335 324021
801126 960505
316623 492637
491387 32884
374994 180558
454691 350054
844220 954888
469544 496295
61658 72695
128579 979092
851880 517777
454134 946615
594167 167097
735140 435889
936037 323574
798562 207815
270159 567403
932705 122874
251431 815169
326550 595090
508358 166016
232163 256505
125043 45375
436812 933817
395947 216438
164762 792566
635440 235038
570515 548113
284054 966734
817433 333357
27872 593899
690598 903245
978019 102711
72350 65096
318981 95936
708116 218513
722672 75775
724603 564286
676630 867624
526858 415482
992110 728531
635520 595695
484252 672685
297415 131649
338147 233442
222404 109668
725784 189560
948483 489940
429216 715896
686976 141074
349553 24516
449174 3979
696607 101118
982293 783583
684606 869953
905731 173486
961991 190686
112026 269275
788473 676042
340933 29764
689798 256373
141107 757059
706676 322755
184814 622248
62957 272453
878867 573241
764617 966180
942890 682436
806582 49126
908897 260440
946314 715789
466140 256083
369029 60640
157132 310301
679944 746476
275199 963659
952769 170899
881588 731283
127736 226418
54087 996917
88221 175760
784858 234230
41273 718345
586146 274944
875217 469393
928260 643529
999457 516745
676376 881925
617462 476486
422706 217094
416859 925319
373807 492741
651642 901832
841291 583143
781675 356174
196008 850445
853662 405922
34387 850567
304368 518326
947119 699388
918606 835819
62900 846535
10367 859819
822113 696904
640502 243523
190434 119555
211189 337425
986274 424648
347609 234058
853788 642134
251223 643521
477427 519961
564167 157876
744089 32656
162607 903764
218790 730792
813910 465198
737616 419986
508918 462705
399728 556627
67818 651740
352332 526652
215969 802113
759070 519251
662037 874318
29638 640789
635983 20530
117780 248727
445526 115590
552548 223168
197449 253695
449694 658737
851765 583179
402896 304160
136874 503570
819439 613231
497361 868331
11649 178735
284886 280726
760026 950633
745624 764203
189846 476735
243922 149613
272542 952072
430212 375570
464510 936288
982805 727315
340473 888514
609874 634873
467021 129433
104976 575739
978748 941885
711524 98524
458966 751911
155554 411555
408869 790992
288558 317472
138196 769367
937 78400
276587 131223
353699 777706
110888 882122
164743 173645
781880 963225
104590 668828
351913 714110
250058 914536
794176 520215
937073 482309
708512 199072
912680 46376
127215 983387
299214 976331
342290 749947
728875 487356
701332 729487
706770 790665
861795 139628
287390 855633
974416 835990
867841 717443
529908 133935
829775 27676
346268 309190
699182 901512
511410 389450
771655 150980
416552 69333
132764 918927
841350 372963
875577 619263
270235 237761
76562 423411
434403 291318
376299 906615
346853 887175
160406 588852
151268 222603
533784 325233
695689 933149
535766 743589
223263 217759
552867 445194
649839 276704
276073 475481
275664 298481
652569 192698
906739 725642
245579 207522
575498 197486
508865 239849
242407 445028
185306 631625
34251 596995
281424 178275
119820 120389
422298 482701
833289 503471
515246 140398
68011 477516
570904 967486
994798 102265
750788 750543
109930 401257
427120 215252
375332 972856
990307 278140
6545 982057
621618 519712
2306 619416
496397 533383
282343 81341
386814 158313
954051 547156
835622 417047
108200 568545
357145 106364
198832 519078
857478 630353
568423 266398
536816 535288
109347 687162
165525 745773
161082 722526
536989 717805
70589 339684
340944 51232
926737 330068
572076 538208
554310 306213
310550 315908
606379 148886
77296 249669
511267 15990
483185 788311
331858 766867
965215 881057
176778 473938
109535 662005
850975 431038
339694 369660
759964 906185
814398 52544
789692 196524
309500 941045
451885 667562
495408 137974
238800 516983
793243 233466
487972 41336
944750 549271
920565 338664
472407 982793
935736 40551
764578 740317
101200 27539
461273 689344
934229 959718
371727 869152
480674 712547
945226 426607
271396 510173
539450 501981
36950 979350
661029 982382
254274 334345
388393 579675
593240 175867
496760 116543
839529 256120
247526 251895
151658 731695
379053 143865
870208 685649
996696 497529
941100 850539
453659 385703
434772 524219
629250 802276
160508 207823
537347 828193
862733 524789
171689 83382
694504 621154
261815 183724
285501 268015
937788 287034
810733 787137
457052 549429
812297 935272
905138 941940
823232 830592
395839 403837
633676 100261
626354 661047
738171 228700
130368 605145
728771 127784
494076 218913
23427 747814
148276 255881
929793 548140
647747 675568
523650 437011
681140 242010
87778 500942
609543 678558
892325 492214
886999 780120
937105 485492
596427 20056
64840 941502
370511 215724
743512 762936
881945 266086
978492 345697
926272 972148
219599 845087
107795 309346
98342 294026
781411 731170
416938 590067
66236 834159
374981 851774
769311 538832
849994 165258
17239 490047
13720 155874
221441 674168
371701 632475
852374 803031
358827 805461
994025 877191
179879 563684
160213 175048
464544 628921
706026 593533
782376 878227
498818 167261
439401 990056
942107 324684
849362 386219
965262 280224
864374 535051
880317 638278
639147 96379
91665 48728
480748 43719
428535 17193
904023 324695
193402 531552
439597 549118
288415 810816
786228 628892
407344 585687
300395 523520
788356 244016
788005 226262
536077 572864
650657 118214
930096 771439
158151 107376
987055 860091
915509 124695
439377 841106
266636 930782
644241 268461
335542 137186
715670 116427
834486 604814
642400 366186
101125 433914
305934 375009
189086 309368
466592 561967
344500 77101
499390 29696
387054 915852
357656 226583
873828 467252
406389 540111
640711 532902
580450 541166
140016 776317
363172 661797
764259 977001
648911 570490
722482 815267
87297 488654
606993 761115
194942 237066
395439 972435
497564 682117
751347 719760
494361 58438
321541 431816
806978 848124
8690 30474
728803 569439
256224 464138
234070 689651
406848 170626
751755 216705
568792 274033
742708 699941
94706 864283
970484 779287
503732 445469
425039 958522
404615 502124
633593 390498
751895 304893
875077 463295
130980 244147
402155 203532
695369 235228
166275 281747
81839 797098
142632 484222
25033 122360
680569 687383
848125 316572
575138 48783
375678 729359
688598 538617
670206 215399
636919 888692
234349 948673
122380 700444
682914 224543
392976 600970
297318 326627
506949 285051
285045 206502
586365 427855
160223 986679
275266 155109
25424 722775
341079 701597
