1000 2000
335 1958
1717 217
1496 1228
1055 694
1537 284
1204 62
1213 180
1810 667
131 77
1173 737
90 1960
516 1569
656 553
1589 1206
489 1578
1739 877
996 1028
846 1259
1301 1031
764 1726
392 1501
386 1140
1844 1473
250 1827
1583 534
596 466
402 319
1322 451
1964 620
799 781
893 1983
197 350
1652 824
1181 1568
1579 1491
1609 1060
742 300
481 1871
375 1511
1946 146
207 1859
808 1412
1300 168
494 98
1886 1529
1971 1362
316 1577
768 1849
805 1064
1167 506
626 56
438 1183
1950 1406
310 350
1700 327
1372 1142
1350 280
704 1865
1016 1554
1814 96
690 1247
1096 1506
1156 1910
1280 228
1133 1370
1147 1125
1896 1438
456 768
747 1550
791 1061
1358 1450
89 341
44 1420
386 827
693 1187
1602 998
385 1620
926 1856
1588 321
744 1336
913 363
904 528
654 1853
221 1102
1238 134
1352 117
1850 1198
378 116
1069 1595
20 1626
1866 762
1906 1663
199 1397
1669 1395
777 680
1561 1668
575 1747
1651 1785
1015 1504
821 1350
1798 823
1921 1786
1990 1457
55 1429
509 1265
932 858
1058 302
1973 1441
1664 1858
655 885
214 311
319 326
100 1124
478 1239
1814 1376
1519 579
520 1393
135 1094
981 571
1942 345
349 1710
1956 1905
1918 874
1220 179
1271 32
439 1904
946 547
1668 140
12 1390
237 1405
726 641
1507 1026
748 1198
1001 1043
773 1504
458 1808
622 371
1085 1225
1626 704
1313 1066
1326 975
1897 912
1931 686
1213 1150
669 7
208 1484
178 493
720 817
197 1396
179 1987
1208 593
672 630
1115 131
166 1405
1485 794
198 1952
495 1996
742 1130
1031 1736
1158 1223
94 14
99 222
558 1355
216 428
602 222
190 1669
44 1340
1076 1474
605 989
871 310
942 968
1211 1210
1329 1705
1687 1907
1554 783
1244 538
1439 1638
286 1419
158 1727
1231 255
1652 1026
1843 1255
1086 588
1823 704
309 798
964 31
830 9
922 1851
1895 750
1679 98
688 1200
731 467
1308 1360
959 1966
805 520
832 31
748 1669
423 1529
1410 1800
803 1670
1430 782
1611 1545
1218 1934
258 1091
307 1943
403 1498
818 153
1146 994
1179 210
1732 1020
1808 905
1247 398
1138 586
1068 1626
398 1796
685 1503
549 1748
872 1101
964 1177
1143 502
1605 546
1198 1015
29 1311
312 1288
347 1521
282 1515
1592 1845
1664 1875
1543 285
304 1160
981 1298
541 403
1977 73
13 1681
180 1416
177 1563
624 123
1508 1981
967 1747
746 1103
1403 1160
1775 1884
1382 337
1435 703
80 748
1708 1239
1846 1585
354 1266
1178 299
82 1401
509 1076
1650 762
1043 1593
1176 78
1448 1734
1916 1879
172 1544
929 884
367 1937
1841 80
51 1986
24 1926
54 492
55 1174
1767 1796
56 1708
217 277
131 1764
1050 1185
1417 1494
1855 1539
1025 737
84 937
150 1129
1181 1957
331 1919
1811 126
1980 860
798 269
1202 1832
588 1670
877 1360
1139 1037
582 1441
373 1128
523 1196
1949 1480
1756 975
1623 1810
1015 477
645 1931
1482 518
141 638
1684 1061
817 856
1203 1200
689 934
207 926
85 1204
1279 698
745 779
218 1853
961 1661
1063 1466
1151 1442
1725 118
1852 598
1203 271
169 1482
1121 1859
255 1832
1421 1643
339 299
1561 407
1467 256
359 230
1517 1177
1706 1415
966 1838
1663 1815
1936 1475
240 1991
925 189
483 1518
471 493
200 814
1026 1825
1535 537
14 1707
533 1105
838 1380
1320 1219
35 1884
299 934
743 171
1033 162
296 1084
757 1221
929 1360
1119 1951
891 436
1119 668
1869 1889
1617 738
1027 1195
1851 1351
1848 262
529 1890
1910 1751
558 1729
505 1508
1279 629
255 1349
1463 1600
130 1968
775 216
431 1949
578 1594
167 1794
350 1083
268 1371
503 1774
1881 1859
540 488
1646 172
1474 1204
1597 32
1503 1967
1437 1804
628 1053
1134 1927
1599 861
1587 162
1454 1219
1646 1618
1549 871
1748 555
905 715
1187 1365
1432 186
1799 1577
1146 486
1372 1232
1097 252
1670 1080
666 1388
245 1112
1833 1681
1467 1311
1860 1971
798 1003
1568 1820
70 351
1634 1488
664 682
1355 920
1913 770
46 948
1517 803
479 1507
586 487
1461 1544
1031 1258
557 1849
857 1296
1562 884
653 250
1378 729
961 457
1097 38
1699 1081
863 1602
364 1690
1037 101
761 1456
541 1314
523 250
1204 1895
1747 1245
1123 1411
249 1218
751 721
1035 1427
1128 1918
1829 1356
1360 1971
518 583
761 1188
1644 1351
897 1572
1337 804
427 1427
1489 229
303 1761
479 1457
1562 207
636 659
1682 1469
1462 1837
939 423
721 849
1668 902
1577 1430
1726 884
558 556
1265 1323
950 867
1831 1750
139 656
1 1954
113 1356
700 199
187 618
702 406
962 1800
1204 615
1078 1192
618 1835
864 1076
811 1949
1586 1485
1242 1611
969 473
1165 1229
174 1790
1641 1841
545 838
564 1928
1209 976
1694 1513
833 1714
94 394
1298 1744
1566 1260
450 1753
1501 1736
219 153
150 1042
548 88
959 931
719 194
575 1788
1560 886
1685 1872
436 399
1465 1443
755 1448
50 521
1212 1334
1389 1893
492 1954
1919 1822
353 712
915 319
1766 405
720 257
968 1733
525 243
919 1337
69 1380
1883 1585
490 1655
1738 355
1577 1245
420 774
1349 470
1 1177
143 1003
966 1964
690 33
1321 925
62 1972
1117 1225
428 1718
1954 1298
1636 1964
1037 961
1736 1546
1570 995
321 321
1294 1097
1069 651
249 558
151 838
804 1260
1743 346
1923 1251
403 38
57 1412
1726 1390
1114 1915
356 378
1602 301
56 1685
1140 626
1659 538
559 1880
1421 1080
479 1510
1688 1671
564 529
666 1180
870 813
1358 1835
1115 185
349 776
107 1771
279 698
40 1943
174 1631
102 1820
1516 1906
1730 484
1163 108
974 33
1796 1246
1604 1118
1450 1922
1613 1882
104 613
332 1859
255 1599
1396 469
1054 452
1519 17
330 1306
1773 803
321 134
1281 1203
770 1796
358 365
1409 1967
1016 939
1909 1845
857 605
1674 1632
1261 460
980 382
1006 1178
1426 625
1336 657
1462 1521
26 642
1674 1036
807 968
104 1402
1030 739
1214 912
1766 91
1700 1424
1711 915
826 1148
1024 1747
1419 1455
338 1724
395 661
1492 1010
1315 471
1958 337
190 1976
216 1963
76 1570
358 286
671 1071
479 1332
947 770
1154 372
1208 748
596 882
228 1718
1794 1459
603 1990
1805 1885
638 129
765 1556
939 1060
1035 1713
1352 1349
1672 675
1740 1626
543 1763
1700 451
560 1058
1793 263
99 363
1796 724
737 1869
1309 278
1869 1256
507 1289
606 387
1768 1908
137 1866
1789 1925
967 1822
1250 1063
177 162
1279 585
867 885
71 1413
1873 380
810 1848
1417 1490
1326 1063
1925 1665
1701 382
443 204
122 1651
134 253
993 1532
312 1912
1791 1576
644 13
877 769
1658 1034
1859 282
203 1620
299 1809
1610 428
222 1412
486 529
1608 1940
1836 1453
219 787
403 976
851 827
1856 1177
201 992
538 798
1822 1192
57 1597
1764 715
701 292
1122 1242
1115 778
208 64
1200 1496
1700 1084
1416 1314
1697 1257
1959 1425
473 1941
27 1684
1388 1737
1805 1798
493 705
1641 913
1858 195
1385 335
1945 1056
156 218
821 1476
888 880
954 84
1607 1475
725 1271
1436 1392
831 399
258 1587
1370 559
887 1728
120 394
243 555
1224 1090
1895 1259
1625 1963
884 1216
689 922
1599 1152
1877 744
233 470
444 1858
609 829
312 1596
1437 1046
317 1372
1831 1797
657 24
1090 1644
1573 441
687 1772
1289 883
780 1592
1965 1262
1115 1597
303 1163
0 852
1636 700
99 985
1383 318
354 1130
1991 933
1463 1078
1486 483
595 224
1652 0
102 1051
1286 1568
702 1347
111 1222
485 513
765 1693
457 1966
1304 307
965 1221
808 57
1263 855
1176 1173
1137 920
1288 977
1445 262
644 298
1624 471
1345 1760
1044 1772
1372 106
1444 750
1922 209
975 891
1070 611
1059 1236
132 799
21 991
1393 1055
1176 841
415 1223
557 899
1670 1319
1393 1250
1974 770
376 1096
331 953
1061 294
492 1077
1247 1087
228 543
266 1239
960 164
155 477
449 461
167 739
47 1466
1436 1892
1071 19
897 700
14 375
317 271
714 995
1898 642
1262 655
979 72
710 1066
67 263
1359 351
306 1417
1313 1420
593 1544
1611 305
254 1210
1892 680
439 95
378 1474
80 1941
1197 814
641 1113
16 318
328 378
829 325
1969 1572
113 1864
1324 554
1741 1575
952 271
1690 1090
1103 845
990 1367
51 597
785 26
332 1345
1672 1799
242 617
1712 1496
1187 864
1025 113
459 1031
201 1908
1825 589
893 1641
1768 1634
1096 462
817 34
1683 1250
629 5
1782 1808
1309 1802
895 643
965 1893
1555 802
775 410
939 999
48 352
1637 1018
1830 1686
723 226
1527 168
1368 636
260 1801
1853 1538
584 206
1781 1971
360 746
707 693
476 1540
493 1213
1952 426
1095 1162
128 1798
49 431
1580 1069
112 697
1858 1475
397 1538
866 1789
26 633
656 1975
535 1552
1192 1817
185 730
814 931
1300 1125
833 437
311 1999
24 1170
873 1658
216 1075
850 962
1835 1209
596 1840
369 1265
516 1114
1074 1362
1568 1376
42 1084
354 468
1807 1047
1164 992
592 325
1648 824
794 773
1105 1243
275 1218
1983 1115
1885 1608
1391 372
270 1949
1993 616
1962 464
1634 380
529 1642
1537 1035
1474 81
119 514
1249 1076
582 776
1255 468
1660 1412
524 1059
1821 1943
1057 938
1694 654
1557 335
49 121
1699 502
525 1778
44 288
1574 1840
746 1525
719 1581
1534 1108
1056 1039
1540 1187
1800 945
1 1603
1698 1612
1399 1809
139 157
1441 377
336 949
698 564
1815 1024
103 420
891 1507
54 1573
198 1214
1553 154
866 289
421 1977
735 1799
537 1201
1536 260
550 1721
1869 196
275 1171
1768 33
1695 1969
847 188
1290 1070
383 1905
596 1026
1129 732
1712 254
337 1964
877 490
1522 1292
1234 490
90 547
121 1068
1361 1741
1049 734
494 770
1461 1574
1828 772
1872 1649
1607 194
537 777
1681 285
232 1979
1804 1879
896 1376
866 1247
1067 1460
860 1713
368 142
1997 649
1491 1265
243 439
1567 782
591 1310
549 1710
1420 1522
1439 1710
1314 1291
868 1439
72 1964
1109 116
1887 1531
754 1620
1315 46
243 20
361 771
211 1781
1505 1319
23 225
946 197
405 1583
1352 1030
353 1134
1908 255
1660 1670
639 1467
