1000 1000
962 682
387 114
216 119
726 697
417 660
803 256
410 560
946 385
386 725
17 22
824 222
306 27
947 85
116 358
238 357
260 166
633 912
218 286
230 564
261 220
415 188
911 730
563 314
359 554
317 262
546 768
747 253
726 27
663 889
428 995
420 303
29 507
494 112
637 807
727 391
414 448
794 193
842 644
198 994
518 738
272 602
720 136
255 393
997 582
360 888
855 507
152 558
383 851
658 576
397 738
117 383
906 869
267 511
84 751
625 572
747 759
891 13
825 34
20 508
23 283
198 990
66 30
357 653
501 465
455 579
708 678
912 667
756 853
893 312
520 846
509 500
119 727
635 711
393 173
653 126
459 598
525 514
102 931
172 85
696 509
319 243
125 520
589 4
81 122
922 687
56 992
41 924
32 508
301 276
69 400
290 682
39 585
684 946
124 3
532 385
789 509
966 48
457 445
375 346
943 673
832 806
952 470
351 139
761 311
62 77
345 805
277 631
897 962
658 395
708 299
796 699
496 20
353 129
219 844
285 272
210 638
579 246
731 160
818 223
273 360
682 860
51 459
754 866
255 258
267 792
610 229
905 818
467 746
133 152
33 949
121 756
715 73
866 160
137 809
973 914
466 163
823 655
711 244
466 866
258 541
543 797
228 421
861 435
801 693
420 9
582 810
790 431
247 319
713 994
88 915
37 221
416 905
280 335
838 314
249 615
647 424
217 330
835 271
266 321
699 255
232 827
9 685
505 197
572 902
248 687
203 447
903 984
593 758
326 710
844 322
29 628
477 379
281 454
251 559
565 957
673 338
123 378
969 273
31 3
936 422
164 526
833 864
169 455
773 146
740 290
766 103
371 929
986 334
564 837
428 39
10 889
312 718
243 863
37 334
196 44
235 904
786 819
442 414
713 46
775 229
717 10
897 877
368 583
680 217
315 290
494 577
765 761
86 727
260 591
164 172
243 297
635 141
307 841
573 769
427 441
245 731
449 872
512 247
539 9
229 315
392 218
883 368
218 547
349 556
541 808
212 449
268 307
940 539
20 995
809 151
947 215
676 275
784 854
608 637
337 414
779 809
818 290
931 30
482 970
312 676
721 700
563 681
309 910
166 484
777 35
931 11
586 43
177 947
207 311
28 435
865 72
913 105
830 678
866 409
103 932
67 382
978 906
818 852
608 544
456 115
115 921
480 242
727 845
880 664
758 364
904 586
824 529
713 144
768 214
277 948
735 424
175 871
809 63
116 357
686 514
641 514
510 236
871 575
790 912
85 849
708 44
631 213
477 552
119 838
267 230
135 962
797 126
155 42
257 877
652 754
820 89
407 0
292 366
549 682
337 156
149 949
394 224
678 712
896 750
87 402
883 973
364 611
608 531
338 11
751 963
429 944
482 629
391 441
129 56
227 929
770 80
457 475
144 13
364 161
932 524
778 813
230 794
385 768
822 523
48 481
922 235
94 306
107 224
911 501
587 423
238 469
231 912
154 875
924 546
791 941
125 333
386 204
256 602
773 543
460 276
149 873
504 7
208 849
822 578
397 625
674 481
927 787
836 777
793 707
410 255
427 170
62 946
773 858
146 784
292 771
785 996
632 900
683 714
625 320
277 367
646 227
895 908
892 189
383 613
633 646
200 747
459 339
563 461
603 833
190 993
513 162
610 968
962 911
319 197
438 800
838 926
93 277
401 633
800 904
530 2
495 841
539 653
443 99
657 716
212 956
154 613
977 616
156 47
325 572
113 51
195 438
199 538
252 421
660 577
656 455
642 5
270 233
632 769
77 950
674 763
99 268
10 410
806 154
573 626
698 10
515 156
654 609
327 846
174 817
186 396
292 236
136 150
272 118
930 869
399 960
139 853
491 786
833 553
559 720
262 503
831 666
332 712
956 402
364 442
544 522
670 677
823 642
950 202
317 872
36 617
553 773
871 617
156 819
318 326
326 0
23 34
91 208
619 620
737 880
611 379
74 228
257 323
746 950
986 728
545 117
185 508
694 419
373 157
259 334
545 881
404 122
463 537
406 703
827 559
776 727
425 698
408 583
975 240
345 834
891 566
24 314
117 644
932 4
37 707
810 794
530 27
849 813
172 624
891 559
58 788
204 556
276 767
219 291
729 921
89 368
982 343
405 540
885 360
314 115
454 271
156 552
862 245
608 967
447 567
575 272
80 718
250 718
368 256
997 13
273 185
70 894
141 837
70 290
714 538
848 492
53 392
652 51
794 597
742 194
887 552
71 745
826 863
550 204
806 181
948 733
876 937
376 129
346 843
434 233
824 537
325 742
206 292
200 189
970 241
861 315
129 617
406 468
781 891
229 180
203 695
616 541
399 599
342 833
499 214
220 709
598 102
418 847
215 16
631 340
248 886
879 676
677 876
308 506
993 479
849 541
659 502
46 137
537 479
727 434
412 156
416 202
413 543
88 18
120 798
182 616
56 532
256 114
710 244
221 705
338 799
760 103
973 392
896 755
294 898
723 792
611 463
160 931
363 542
346 478
662 489
683 521
203 175
115 80
332 59
174 52
896 149
276 108
526 303
344 30
707 599
99 817
134 505
156 325
889 479
842 813
972 761
190 904
773 960
181 998
886 23
618 152
951 498
844 893
506 91
963 940
45 814
222 26
455 493
565 903
876 230
144 824
550 782
905 282
147 715
870 388
560 494
509 597
47 326
280 545
280 991
413 262
826 899
166 928
430 266
710 44
880 840
404 643
362 826
440 150
333 354
436 299
953 89
561 989
558 313
507 538
477 548
177 339
190 19
407 433
799 459
699 253
623 867
359 322
174 314
822 748
996 800
606 230
99 908
705 236
100 119
738 530
622 9
683 897
851 14
886 457
701 57
555 522
131 119
468 811
182 688
347 920
456 136
716 229
388 9
515 371
359 77
268 720
409 249
575 504
52 914
134 539
360 207
123 664
793 754
730 182
900 98
527 495
26 81
293 736
904 156
344 281
162 564
339 876
766 334
815 581
0 6
480 147
367 123
656 578
34 583
516 282
269 831
918 461
972 226
750 107
626 820
139 953
590 543
873 862
541 600
954 829
410 690
64 330
293 176
385 953
686 679
762 929
709 23
134 24
588 321
792 516
232 213
858 824
671 261
337 204
499 998
429 220
775 11
474 119
85 145
472 415
701 341
460 451
134 589
705 458
843 415
415 462
662 593
897 694
964 952
155 143
301 787
335 138
423 39
986 855
381 878
456 444
166 318
456 365
830 507
621 223
762 678
544 924
136 231
525 350
187 958
655 474
387 687
425 586
475 503
858 428
802 775
771 50
17 782
522 551
325 744
769 640
877 207
689 425
447 575
730 890
491 183
94 404
40 440
184 903
870 245
221 767
498 116
755 295
677 386
886 609
492 552
833 138
651 431
144 530
198 505
77 589
749 174
504 521
859 170
189 999
530 896
330 894
65 621
38 79
1 156
77 822
964 125
424 381
377 934
981 880
676 408
617 302
653 75
78 65
116 359
769 525
651 200
204 72
998 127
991 71
685 50
985 675
762 944
832 812
878 958
817 794
630 189
326 302
714 716
320 501
637 334
615 582
400 633
525 916
666 351
914 486
886 484
936 4
135 123
109 338
128 836
816 802
278 663
83 598
988 918
988 224
871 964
157 252
707 706
784 177
31 64
197 883
283 706
905 383
27 379
956 68
810 843
587 330
292 74
323 487
195 79
214 634
726 146
540 636
295 93
321 929
101 116
976 451
762 698
407 492
490 158
670 861
94 97
755 622
373 154
445 754
438 687
704 199
466 364
453 390
901 642
25 942
659 888
933 334
451 523
835 40
739 304
938 503
6 229
583 488
23 627
900 306
478 24
837 801
849 999
656 777
337 785
107 661
504 634
423 178
631 489
360 202
267 4
401 760
427 49
527 2
575 844
453 458
974 500
125 817
127 899
12 315
201 831
405 211
369 687
815 743
943 383
485 435
493 296
19 601
847 407
471 295
348 689
249 182
363 355
973 260
46 976
576 80
116 809
809 954
498 572
312 40
910 651
375 638
386 377
103 542
131 749
253 953
85 892
935 354
80 173
888 901
871 322
183 291
201 649
650 536
706 11
287 313
223 196
328 755
405 849
18 483
857 664
621 719
90 688
860 217
392 720
574 852
597 496
528 323
863 668
211 939
579 224
239 829
715 660
59 924
315 412
641 979
775 635
845 85
602 433
595 175
812 634
156 926
543 608
335 40
822 664
521 566
22 858
871 637
559 347
947 973
207 107
201 766
925 767
384 294
26 168
104 655
392 799
751 940
686 710
209 428
723 660
802 867
950 795
368 111
186 421
590 443
73 221
458 620
298 623
583 373
957 485
933 569
936 998
347 839
607 50
934 735
610 879
553 303
887 471
931 443
40 490
861 461
566 394
450 823
329 747
76 775
252 409
57 512
199 949
384 240
956 61
24 654
527 327
982 81
234 275
175 937
124 689
54 216
979 250
91 939
774 192
24 477
905 142
208 728
121 21
707 273
621 971
937 960
826 411
307 520
687 921
367 164
