1000 1000
645 554
142 737
460 600
614 383
450 403
633 850
268 652
157 418
771 386
438 110
226 499
7 319
331 413
917 207
371 493
206 480
508 772
287 63
563 379
658 497
35 494
61 501
28 837
422 81
823 656
573 793
119 987
147 746
450 508
361 467
902 189
848 753
664 390
232 874
798 586
834 948
178 781
893 711
102 207
103 721
164 149
100 84
600 807
354 219
185 21
209 356
292 621
135 921
967 608
139 935
530 697
158 519
506 124
407 485
966 194
278 821
850 696
225 682
471 508
681 687
792 656
183 330
79 704
997 893
867 268
403 649
254 650
504 769
526 360
476 885
252 267
69 560
342 367
756 474
527 560
127 106
152 131
230 527
760 268
443 686
717 277
402 899
902 76
956 989
392 521
673 60
466 373
757 809
30 797
379 942
922 57
871 593
895 820
238 698
846 357
998 439
615 59
509 370
914 636
855 386
673 1
32 467
868 106
723 60
376 120
990 574
869 947
458 403
854 254
494 89
453 673
590 920
883 575
327 552
870 336
143 989
336 109
894 906
574 227
894 307
264 180
874 777
890 705
977 926
295 853
705 993
973 991
540 395
209 641
48 663
444 43
226 880
704 432
823 810
558 388
715 165
72 656
352 637
866 648
16 355
67 273
756 397
799 466
971 361
475 150
857 639
493 503
362 760
378 667
122 868
609 25
714 21
318 909
23 406
458 191
385 101
861 189
352 721
739 452
116 519
507 86
246 468
853 882
978 404
78 311
583 473
310 230
631 837
936 526
670 702
568 975
821 761
446 162
11 658
495 917
452 899
16 877
740 365
844 816
281 178
811 16
919 520
477 53
333 174
936 942
962 948
558 2
575 852
318 538
961 874
257 46
525 144
786 694
407 192
133 544
164 975
447 240
419 585
142 890
605 591
891 200
241 981
211 369
567 472
770 101
832 948
271 737
31 329
71 356
945 7
609 260
16 336
606 227
454 579
555 74
827 605
162 347
558 443
940 123
593 570
340 177
489 611
981 905
109 743
813 907
208 973
675 80
891 104
560 762
398 610
104 569
298 251
874 138
164 398
561 534
818 163
171 910
128 954
507 900
788 854
22 188
157 749
689 822
757 777
68 171
228 438
410 256
135 632
720 567
256 127
687 615
663 498
704 882
818 585
579 254
165 746
118 295
62 375
560 473
710 198
350 872
551 17
839 637
762 80
256 619
33 704
138 758
600 538
352 165
163 629
33 217
367 113
256 995
958 727
764 611
518 519
899 925
202 142
664 140
259 448
19 127
459 559
576 359
275 922
8 838
6 579
354 838
741 786
465 76
810 709
942 99
889 832
251 872
865 858
284 38
626 942
458 771
907 857
356 318
581 503
272 502
994 681
76 625
692 343
353 661
928 902
3 848
343 558
564 913
259 88
731 852
617 496
760 568
341 324
611 64
150 462
804 161
155 344
776 683
164 913
939 951
264 721
637 786
83 856
150 295
884 244
813 615
518 15
205 474
808 882
553 845
989 475
298 328
302 496
613 889
874 357
365 329
14 612
638 751
146 605
681 900
538 465
939 706
789 863
711 821
433 260
868 472
856 886
183 830
320 69
851 257
965 182
201 6
201 701
897 17
311 235
319 824
786 664
282 484
642 434
316 389
380 32
348 20
43 194
873 68
29 578
620 77
738 775
628 396
398 10
887 147
476 812
677 21
974 54
428 536
394 171
619 942
974 30
493 221
602 586
770 145
128 826
206 611
215 563
65 570
314 42
571 497
917 187
64 669
917 550
14 810
554 65
373 634
834 508
270 222
367 353
109 260
258 50
883 345
563 70
487 282
287 285
997 64
229 28
136 405
263 231
386 997
211 496
915 823
97 911
918 899
466 821
544 656
151 664
517 569
276 446
991 728
717 431
959 10
935 91
615 63
574 882
456 131
537 416
552 294
19 84
452 82
237 763
129 963
844 602
476 174
36 705
300 666
20 214
202 962
996 848
543 919
542 553
918 217
308 605
38 319
259 433
620 37
624 367
738 889
533 132
853 693
863 364
213 725
807 111
995 203
731 852
559 763
801 134
901 379
847 52
398 798
18 759
264 538
681 268
861 986
295 198
647 697
708 846
478 43
987 285
503 441
449 644
654 850
445 164
560 874
794 72
809 189
749 622
413 228
163 964
878 904
772 290
601 888
79 526
762 591
110 450
183 959
169 551
149 290
590 261
888 361
851 235
147 671
711 806
493 227
298 181
152 236
258 391
319 173
240 686
465 896
346 999
437 701
61 362
216 44
404 652
72 817
230 953
479 64
77 262
171 411
711 219
448 265
763 110
713 410
172 773
578 83
945 528
159 264
335 21
656 277
332 192
299 256
161 49
580 288
33 48
124 643
383 254
423 619
72 273
253 494
772 684
197 261
627 400
926 161
449 985
551 993
641 432
202 682
275 505
803 137
610 700
867 35
876 706
853 441
429 921
697 96
218 398
438 456
163 861
479 117
784 774
412 327
394 993
236 324
640 67
918 147
415 738
950 538
770 316
529 477
151 772
87 932
362 747
526 778
717 7
64 505
621 680
936 535
190 100
577 929
450 302
750 947
652 539
428 198
582 825
734 972
827 98
192 126
538 96
51 498
420 256
135 330
777 930
34 326
12 534
608 733
437 98
292 372
435 808
788 568
764 861
365 303
392 549
422 15
233 355
970 203
407 486
611 678
979 458
774 23
50 226
720 743
767 326
371 880
886 703
382 128
912 991
967 706
300 616
927 882
127 478
933 660
686 892
174 714
546 41
801 675
340 1
230 892
94 691
208 524
745 6
360 637
386 309
150 104
458 474
345 983
213 828
847 24
288 404
941 90
911 414
801 303
680 380
127 991
116 982
892 411
294 139
524 601
969 269
638 741
889 176
216 451
500 758
0 136
560 681
147 409
60 937
87 525
978 778
0 56
653 778
613 993
321 201
375 829
685 326
46 652
4 142
194 381
501 146
17 674
122 453
702 230
40 375
28 818
213 996
393 854
329 96
136 840
128 872
463 291
61 93
883 108
638 69
762 701
708 828
404 576
339 51
274 288
220 387
754 303
63 242
441 548
637 309
975 614
986 796
232 131
678 326
139 827
989 98
875 347
857 479
177 127
508 458
93 557
862 763
588 920
896 778
821 762
746 562
376 101
803 43
732 324
387 298
108 833
359 489
507 983
23 155
868 535
308 467
386 312
939 187
448 373
621 516
89 685
464 137
966 772
941 962
718 893
912 816
132 923
813 160
959 489
584 674
320 104
203 154
101 901
734 943
458 507
804 380
616 164
457 795
30 300
362 684
224 767
338 335
204 919
943 241
886 528
149 64
518 105
411 816
174 833
242 534
252 990
640 768
375 981
432 528
7 233
738 483
40 844
923 26
470 461
649 971
268 699
603 514
843 901
321 439
1 136
436 221
484 323
252 670
499 461
141 432
650 372
379 637
170 509
654 892
590 414
733 922
793 956
809 454
943 509
417 71
528 721
16 187
583 721
810 459
633 119
651 848
409 619
120 239
975 924
461 89
745 392
474 1
474 534
233 572
531 507
509 52
953 494
846 288
968 760
711 219
639 888
509 808
483 464
937 148
339 224
794 11
835 855
886 680
756 372
727 910
840 654
324 147
543 579
170 590
46 323
245 821
496 881
463 322
197 380
27 734
599 917
483 311
415 631
235 396
170 916
746 212
836 804
941 596
801 283
519 113
218 904
295 525
726 190
64 881
605 597
605 368
683 372
872 828
234 147
969 326
384 577
485 671
561 962
919 248
904 92
42 852
555 19
142 63
236 735
129 871
746 853
66 617
869 28
289 965
1 163
166 910
482 170
116 156
387 111
35 940
102 149
592 923
375 138
145 260
86 42
853 542
960 94
661 330
246 564
260 230
344 123
140 162
960 890
953 304
603 686
275 84
117 338
801 571
13 851
194 925
676 659
362 834
376 757
214 227
298 136
406 924
530 946
377 824
281 442
825 105
375 404
291 998
668 624
291 191
787 944
417 820
230 153
684 853
904 351
357 313
54 95
462 691
169 775
266 942
889 366
643 947
124 179
290 28
560 545
227 386
328 213
122 912
673 799
177 800
146 465
956 962
510 809
742 682
356 522
892 940
950 25
178 631
647 121
509 902
593 307
478 78
269 243
108 139
426 953
63 121
490 625
583 431
628 800
714 515
175 144
322 676
244 225
494 966
798 21
299 735
189 670
641 274
474 232
963 790
24 421
478 67
768 564
318 984
78 160
76 630
702 485
459 346
494 81
78 117
666 222
898 483
401 372
52 81
845 574
593 973
14 295
833 205
894 4
979 325
641 360
383 65
453 388
319 91
476 154
952 889
705 100
752 398
907 499
101 683
307 726
303 982
840 352
669 475
853 175
9 580
924 210
539 295
638 587
495 589
602 320
961 192
973 911
56 792
695 946
306 421
184 352
346 467
585 3
56 278
295 677
906 976
978 192
216 263
656 340
988 743
79 281
14 2
26 51
6 682
315 985
978 633
939 983
253 295
165 865
9 436
