1000 1000000
314654 51085
578963 584568
191077 347576
187098 762269
705460 61237
467410 209185
895636 555157
195717 245229
916528 835246
777041 387755
53952 120816
77127 177722
183413 834183
65305 844081
676735 305978
550105 962651
148655 696719
286822 614016
749651 527243
974957 684666
879728 994539
702759 613023
130178 625446
815653 455179
415296 577233
360266 346224
400686 98224
224101 770657
779448 920814
461318 400958
372006 813292
647634 528274
790393 233989
586321 394375
313635 611101
269323 56786
258010 728504
441555 44908
9922 274877
739818 611550
502154 965886
15128 68519
305465 393456
945778 745341
119189 919967
658419 547200
32981 854494
594413 122626
364032 844997
843496 458488
863650 526440
142960 194952
339985 372330
705221 493002
891927 746839
153120 903439
454935 19594
933731 193199
111384 567338
873214 216458
301379 637707
445030 742580
138043 894961
637371 624308
638657 716421
96511 805617
783650 776008
210329 76341
587779 71275
945111 208862
401193 523274
264764 6804
534148 531703
888589 274851
950696 173149
446755 61611
102132 293154
822622 188357
787280 897464
291673 612067
73611 738065
322443 609034
860506 880865
156138 145104
842950 141056
625300 175475
32664 779433
793793 940097
506754 228313
429333 743352
625103 650827
127091 588531
52131 563907
369912 362974
36298 666636
877689 858513
419763 491986
74120 888611
273850 83692
895261 443358
421735 980774
595247 257373
684367 138050
832379 651374
151528 422817
602478 714863
213608 836738
239122 627026
235095 601173
629706 719835
773569 690428
101724 564325
159293 663713
358691 753497
494461 843905
406548 842676
512789 459214
633681 707355
101050 230511
857196 353467
164941 502758
973245 249676
153289 546333
10599 128117
935658 706130
741645 125129
283134 735905
1021 364070
820414 731912
132885 919418
619197 573086
867350 17510
932226 66931
207858 737807
515203 108340
812353 332979
721764 934783
527005 754230
196171 712316
385617 81474
719161 225518
221587 106541
732523 955056
856439 795840
552916 175557
225129 215580
437563 859743
280519 463169
762187 986431
689482 405857
873191 372227
948358 327207
499755 884301
182607 222207
857422 837064
661363 196194
989432 713392
699124 202717
392833 581611
741919 226046
209679 176146
13585 736951
723342 714735
277154 373265
9623 736048
25457 947505
806944 897745
261008 523165
568407 32073
852243 120039
657331 253960
388707 274674
601426 222018
361283 189454
685174 123035
900303 642173
53157 926926
887483 777724
217941 361942
930219 3558
311066 796639
982439 831814
428217 253664
865765 381131
797294 972287
687413 694264
863913 179376
342694 665808
407389 178334
423637 804607
281040 263524
763625 791677
787042 913237
197001 844764
801798 198065
908041 487895
735433 535168
855836 161729
119994 807424
91380 230325
683219 41101
515715 299449
899500 411585
556194 933767
446964 9982
692481 892987
759211 153697
654837 969334
13821 873074
360691 952083
817232 483357
923325 887347
383797 745844
617871 357948
265616 450514
352899 74387
563904 160255
687878 138421
478841 573382
315820 762209
475536 223030
536223 364540
345029 913548
328500 39804
988252 342431
539759 192900
329549 270414
361856 378109
285463 724399
488720 319874
331348 839008
240274 224605
792626 320485
494928 219130
249641 89003
145769 320751
71117 83911
680150 835496
937287 199505
446013 318731
147892 76108
221823 181739
736357 174695
263023 443717
324232 279277
986940 40031
774588 258610
631830 87686
9214 693982
82171 340820
778200 887110
716288 14199
653820 804077
778494 251570
224911 629186
595122 428778
3100 377137
368144 330578
978507 274729
569318 738187
147892 966014
869055 626989
336279 417048
989534 412283
595430 303819
28485 832564
886503 181321
78915 544617
788814 301260
505528 974133
646690 607103
773731 37908
816643 591956
576217 916276
615926 38203
673386 487043
806662 345374
517539 820681
89194 505995
543513 279495
649809 237936
971173 883998
615327 289213
39783 310563
479101 86612
495738 773859
194009 577556
136745 429325
353267 375220
295983 133645
151535 776739
707815 690568
710222 793675
923040 347315
528266 780548
625106 791029
319024 139888
326755 573230
177912 207634
10666 560588
713797 314594
16739 781545
566793 181782
785516 888581
577971 907200
754818 25867
74535 772437
394307 169777
510492 206869
636124 800970
722261 956594
862286 443462
544898 401683
292347 300012
511328 473333
715055 69972
272228 773398
772982 588386
610367 608096
485285 595336
777304 650661
438434 39344
683341 251056
538959 458491
118094 172914
474796 83682
25586 494735
522234 960914
418015 732154
741868 240149
532356 946745
642557 184418
542679 309983
964439 837813
729509 270296
52219 340101
687951 162592
209903 27122
73575 252197
190468 170776
492033 375432
464194 480111
558120 373138
198993 527301
697410 230261
373848 843347
292380 976050
708961 712880
290217 918761
852229 590690
460918 892964
773604 589729
186317 138282
991898 878815
582251 749751
85831 511005
931415 296665
389367 910768
215454 378747
443525 177046
628853 469411
92346 488185
986839 103835
244983 473238
667511 103847
364844 545214
347507 70826
39014 13388
406160 45668
935723 102250
700456 839487
342456 559549
453136 884390
403818 673774
366847 937530
839354 322889
452584 817013
314447 174863
535111 6151
308328 446439
553982 220955
765256 698584
484159 266313
979545 397115
259736 788868
676891 886025
954379 923814
88454 708383
408615 293990
16300 423364
275734 671090
698400 33478
985607 88859
982288 898950
625007 368187
737124 785217
671437 537761
888993 719650
626046 420249
442388 496737
307174 572938
605081 970823
71092 820706
860669 378793
621850 345970
593804 974432
499311 56850
83112 245220
536684 68712
478296 262771
832240 660655
396901 665238
999283 813967
32724 842150
483077 835385
601513 549312
761563 739922
706754 769000
491607 531733
936149 38848
145594 309984
286871 729351
769656 148686
243102 60411
370241 590762
855606 332977
530096 20743
296530 180092
665430 841308
861496 910715
642191 889382
483397 849722
638699 974346
998992 915474
22213 749880
312253 320264
529996 406947
235531 842297
505507 244821
408063 992027
461747 947135
755952 255701
937000 2371
809595 795000
212640 808685
552064 522608
266692 867077
77230 819219
864290 562464
553805 717832
44396 40685
517520 2430
308737 56286
826313 437751
831831 292551
851525 579030
422069 707412
528809 317382
764275 188244
273359 349913
198790 196896
781678 796096
545794 136587
286418 101871
804713 756159
347500 969887
700394 944924
71208 526297
480394 464272
716732 396430
493144 846039
74582 336201
58882 721564
822268 863100
81273 286611
28756 591901
710665 967733
903464 576360
675331 666259
159629 229152
240645 309710
704920 529764
982833 668268
371367 30605
218108 255368
407752 109045
908378 735878
405394 733599
173721 289952
509174 555249
32210 274972
821188 30279
708817 114905
933576 427912
778575 74240
960807 604476
863768 768959
854142 96175
718612 836016
162887 786808
462894 318364
840728 176680
925302 730336
851885 838684
705888 493205
717926 278490
239247 843493
595740 426450
308963 981087
914031 190597
417439 521397
720918 73862
754447 248469
694066 951886
823206 606761
456365 270777
754993 495693
130691 771287
44578 271356
638829 597620
915691 358965
150655 410386
550528 446659
760656 560531
899336 772053
752941 79381
302744 449934
815634 526400
694588 885470
379241 918724
762393 72370
655552 506421
975370 405301
857198 956577
488847 591214
110178 204393
683820 902164
570319 826776
234666 757988
215915 622195
80989 241933
78910 872375
668560 276337
786649 700216
981900 899942
883713 528688
299107 805934
288163 621900
184239 128476
441211 190833
726848 53974
643510 894693
453570 197466
682101 885474
789293 626849
882396 909753
626112 985256
780737 882479
783009 899099
187478 926939
843552 343425
851196 881972
784857 130473
641772 857539
460998 513071
148079 509903
988171 239451
41994 555163
282038 209652
854243 49810
645288 883875
924311 198046
994224 562892
344071 327666
744102 300036
753712 897105
257557 761125
233478 78239
526906 590801
552553 15328
904040 589619
659832 827248
926675 506620
215648 956732
356938 679697
563223 22799
365418 266451
90029 220621
828270 435198
723545 254900
538851 854883
76972 385438
55082 642840
730509 206189
906500 899027
138922 948608
238838 847680
342247 258982
903057 863846
972410 602855
664702 48669
408513 288860
928428 523708
412337 195416
522242 257771
465973 407254
745389 963332
42026 651816
416321 849416
37656 914043
615365 757225
720087 23464
859963 929846
292768 216634
4184 411940
214494 639795
335142 351578
765907 846406
827203 915274
658416 460941
619039 998788
108358 987015
687980 861312
996995 864510
979579 838422
440238 221958
276155 239458
742946 385688
599436 640231
219380 928912
543868 670373
72105 57804
534243 741811
678773 196810
963231 7032
998506 734796
302692 311328
91750 469189
739838 708730
704414 423856
216583 93755
195158 112759
400912 346189
708357 492256
250463 74620
398429 161440
266983 578983
892416 154787
390491 762664
489907 75244
993538 782660
769034 283367
191681 315363
908411 947612
36284 61863
140314 270914
175253 533779
981574 6549
304705 331428
525651 472729
4653 787195
69744 644799
794818 717262
642939 898101
665442 72171
347221 121772
983385 956244
810103 584745
47689 164710
830201 726599
132609 341999
450218 869023
79148 682146
100326 842843
631940 738220
514428 114133
528779 322187
488981 542836
949038 950575
303992 516448
721984 756919
270859 883681
371889 673700
698136 287817
259028 319216
372297 152000
167654 597873
330750 63785
742838 359327
60202 651361
315302 958596
418465 168085
5827 298989
678738 383722
646422 837044
810065 611500
736297 608867
604724 392631
403667 587485
202318 668311
209154 182776
242465 860012
466940 822453
923680 77097
473327 512631
720836 820436
915747 833047
562212 239472
540890 558747
547666 781211
485175 509239
114411 288431
314399 410614
698214 103045
544549 47130
853973 7860
762294 354325
968718 520025
192548 145169
130281 167217
841545 264598
62241 33687
241191 923490
158853 162507
884079 466606
921870 57799
940847 323846
402633 668788
578604 751294
231382 142652
612683 160076
382362 956538
873068 710239
499201 823219
415277 663930
870377 66814
67440 560053
267101 412980
940729 524216
125268 460751
252760 344722
682748 714536
938413 169978
25984 861893
821645 556875
907043 191059
188653 822767
565911 415214
228236 596795
506660 267485
125776 683298
746724 626567
628093 143164
914320 604958
786863 707968
601837 219289
596674 523054
779993 331032
870636 690472
821367 511038
705547 617831
373597 926221
199446 602638
700267 720302
24871 358254
559724 984988
806116 12871
346769 276447
982014 791556
153937 834804
595609 840314
761144 98544
978569 591471
917674 601218
340241 639790
561212 767298
43601 551121
156298 404787
564243 100336
726443 997329
696764 451655
612265 370140
340556 284611
788904 893214
927900 104859
492485 970915
191249 618334
303546 656693
162814 393389
374776 608949
297392 847221
728955 994657
542906 567594
960893 658966
245176 528177
790972 901957
630239 860849
69994 864633
182022 549926
287586 752029
492324 437543
986178 40567
945501 474734
385781 452871
41194 614017
814898 784343
252273 119040
419680 181776
684048 846880
153824 411283
411262 590864
765216 978904
340663 689187
410957 74324
511170 93236
844461 9357
347585 243402
511379 636288
129021 367276
206822 511803
59428 256653
235953 492402
857419 359336
359524 976911
383324 340727
818396 596533
15700 270272
584 587397
72700 184255
610651 804409
134717 30362
976925 704759
706582 843650
581527 470215
165624 227926
543492 176947
411693 677077
77340 941552
997651 581412
857211 628105
913847 935083
840389 79365
834093 473409
688 497198
610642 934524
283232 767029
605447 340432
559727 201913
822885 557634
421285 707994
434131 565646
281758 451971
561376 672289
572783 430164
62411 600677
519285 672226
665897 592419
177757 86183
731339 562215
763745 377625
958123 150063
331258 558532
149157 519846
983130 527980
867843 801962
360476 902516
210593 305414
766712 447606
467421 924873
770054 936935
697334 768082
609820 142386
845111 429576
32879 900438
462923 526644
377147 22630
593630 814231
827403 568070
628032 459815
51110 766532
541182 66776
371839 39846
969951 237540
786615 278035
242567 115326
877097 58039
962843 603185
291833 558047
133790 176506
204675 434712
430664 792648
854107 362247
892719 974076
100489 608686
544172 581877
117467 863320
912070 399380
685137 630637
787543 921669
403466 291266
200077 113096
929506 275279
808358 567208
817700 766578
428470 169262
21612 862151
46098 29947
378457 902272
459656 672032
684458 342432
521430 238138
113321 755073
875575 144830
623297 803468
919371 755456
719038 179849
488391 996462
635770 943948
769865 764272
570122 580025
804491 390595
909478 817966
733088 586992
224271 50956
394992 221094
33122 683039
726047 689491
82508 529425
250723 28245
688671 806738
37191 845046
448036 390912
707224 488797
615522 157452
156260 12445
466331 694344
941470 563419
946157 775467
338395 148092
518834 120420
219152 154390
3398 183635
182994 911533
229371 452987
16117 182201
806419 484672
450044 531072
811322 697232
84687 42594
313287 211452
268493 803953
888720 732187
157672 279062
864316 420637
623946 155067
10433 831551
579115 180754
398086 907627
227814 23186
288142 952554
600098 320257
3041 644909
861072 650476
191045 260176
281808 384219
969595 323230
637437 144587
184375 366210
779836 921693
108894 603108
329668 110560
306134 505062
66230 200636
739968 19479
748740 351059
448807 882673
864456 393670
377464 133725
982425 518716
804646 41718
282689 643406
310540 739592
606546 443417
637369 823994
671341 321378
91390 605849
299231 395243
570041 943175
727697 435497
60691 391008
542822 461240
625025 608891
896197 392904
193562 861967
244476 4914
914310 223215
410794 604117
821560 137367
815248 726933
153697 701822
